000005 9
000007 7
000009 13,15
000012 7
000016 2
000017 13,15
000019 8
000020 7
000021 12,15
000023 2,15
000024 19
000026 7
000030 2,15
000032 1,15
000033 1
000034 19
000035 15
000036 12
000039 20
000041 15,20
000042 19
000044 8,9
000046 3
000047 7,9
000048 3,15
000050 5,15
000051 14
000052 16
000060 7
000061 4
000063 9,12
000064 3
000065 12
000066 15
000072 14
000073 4,15,16
000077 8
000078 12
000081 15,18
000083 7,15
000089 9,15
000091 7
000093 9,12
000095 19
000099 8
000101 15
000102 18
000104 15,20
000107 17
000109 3
000110 15
000112 9,12
000113 15
000117 1
000118 8
000120 12
000121 20
000122 8
000123 19
000125 2,15
000129 2,15
000130 4
000131 7
000132 6
000133 13,15
000134 7
000138 15
000140 12,18
000141 3
000142 7
000143 8
000146 15
000147 9
000150 13,15
000153 7
000154 4
000156 7,18
000158 3
000159 7,15
000161 7
000162 15,20
000163 14,15
000164 14,15
000165 15
000169 7,15
000170 5,15
000171 12,15
000173 13,15
000174 15
000177 11,15
000180 7
000184 4
000187 20
000189 3
000190 6
000192 15
000193 15
000194 13,15
000198 19
000200 5,15
000203 9
000207 6
000208 9,18
000209 8
000210 15
000211 10
000214 13
000215 8
000218 12,15
000219 14
000220 7,15
000221 7
000222 5,9,11,15
000224 5,20
000225 17
000228 1
000229 5,11,15
000232 4,10,15
000233 7,17
000235 9,11,18
000236 3
000241 4
000242 8
000244 17
000245 7,15
000246 12
000249 9,11
000250 5
000251 7,15
000256 1
000257 15,20
000259 15
000262 7
000263 7
000266 12
000268 1
000269 5,15
000270 19
000275 13,15
000276 15
000278 12,15
000282 15
000285 9,15
000288 6,7,15
000289 7
000294 3
000296 4,7
000298 15
000302 7,14,15
000303 7
000304 20
000305 2,15
000306 10
000307 16
000308 11,15
000311 7
000312 19
000317 7
000318 7
000320 7,15
000321 15
000322 15
000323 15
000325 1
000328 13,15
000329 7
000331 9,15
000332 13
000334 7
000336 12
000337 2,15
000338 7,15
000340 3
000343 7
000344 5
000347 13
000349 9,11,20
000352 15
000354 8
000355 7
000359 9,12,15
000363 3
000367 5,7,15
000370 4
000372 13,15
000373 7
000374 14,15
000379 2
000380 2
000381 5,11
000382 4,15
000387 7
000391 16
000394 11,15
000395 3
000396 7
000400 8
000403 8
000404 7
000406 7
000407 13,15
000408 10
000411 15
000416 17
000417 10
000419 14,15
000420 7
000424 3
000427 14
000428 9,11,15
000430 8
000431 1,7
000433 9,15
000435 13,15
000438 15
000439 19
000443 12,15
000446 15
000448 11,15
000450 19
000454 12
000459 11
000460 9
000461 7
000462 10
000463 14,15
000464 10
000468 15
000469 7
000470 13,15
000474 4,7
000476 15
000477 6,15
000480 1,15
000482 15,19
000483 13,15
000484 16
000486 8
000489 3
000491 10
000492 9,11
000494 7
000496 9
000498 5,15
000499 14,15
000500 2,15
000501 12
000503 18
000508 3
000509 7
000513 4
000514 1
000515 7
000516 8,15
000518 6,15
000519 4
000520 15
000522 7
000523 13,15
000524 13,15
000525 14,15
000526 9,15
000528 8
000530 15,18
000531 5,15
000535 2,15
000537 12
000540 19
000541 7
000543 7
000544 8
000545 15
000549 8
000550 9,11
000552 1
000554 7,15,18
000555 9,15,18
000559 5,20
000563 4
000564 5,9,11
000565 2
000577 13
000579 7,14,15
000581 17
000582 12
000583 14
000588 17
000589 15
000590 7
000591 9,11,15
000592 9,16,18
000597 9,15,20
000598 9,20
000599 9,18
000601 16
000605 7
000608 4
000609 12
000610 1
000612 15,19
000613 9,11,15
000619 3
000620 7
000622 10
000625 15
000626 15,20
000628 7,16
000632 9,20
000633 15,20
000635 19
000637 2
000645 3
000647 1
000648 6
000653 7
000654 12,15,17
000656 12
000657 1
000660 18
000661 9,16,18
000663 6,7
000667 13
000671 2
000672 7
000675 19
000676 17
000677 15
000680 3
000682 3
000684 5,15
000685 14
000686 14
000688 7,15
000689 19
000690 2,8,15
000694 15
000695 13,15
000699 9,12
000700 7
000702 13,15
000705 8
000707 9,20
000709 9,15
000710 8,9,16
000711 16
000712 19
000713 4
000714 3
000717 9,15
000720 12
000726 5,15
000728 10
000729 16
000730 1
000731 3,15
000733 14,15
000738 1
000739 15
000740 4
000742 4,15
000746 12
000748 6
000750 15
000752 15
000753 5,11,15
000754 2,6
000755 2
000756 12
000760 13,15
000761 9,18,20
000763 1
000764 13
000767 10
000768 6
000770 2,10,14,15
000771 9
000772 12
000774 19
000776 7
000777 12,15
000780 16
000782 6,15
000786 10
000787 7
000791 19
000793 2,6,15
000794 8
000796 3
000797 12,15
000799 13,15
000800 7
000802 2,15
000804 9,18
000805 12,15
000806 15
000808 10
000810 15
000812 2,15
000814 15
000815 1
000816 2,15
000818 7,19
000820 17
000822 14
000823 7
000826 4
000827 10
000828 15
000829 6,7,15
000830 9,11
000831 19
000832 3
000834 10,15
000842 12
000843 15,20
000845 1
000847 11,15
000848 9,15
000849 12
000850 3
000851 14,15
000854 9,15,16,18
000855 6,7
000857 8
000859 15
000860 7,15
000862 4
000863 19
000865 9,11,15
000867 16
000868 16,18
000871 7
000872 1
000874 15
000876 8
000878 2,15
000879 13,15
000880 3,10
000882 12
000885 15
000887 1
000888 7
000889 16
000892 14,15
000895 15
000896 1
000898 15,18
000899 19
000900 17
000902 12,15
000903 9,15
000904 10,15
000906 4,7,15
000908 1
000911 2,6,7,15
000912 8
000915 11,15
000917 3,16
000918 15
000919 12
000920 15,19
000921 8,9
000923 16,18,20
000926 15
000929 5,11
000931 4
000934 1
000935 7
000936 1
000937 7
000943 9,15
000946 19
000947 12
000948 9,15,20
000949 2,15
000950 11
000951 5
000954 3
000958 12
000962 8
000964 3
000965 12,18
000966 19
000967 15,19
000971 6,15
000972 7
000973 2
000977 7
000980 3
000982 1
000987 14,15
000989 20
000991 13,15
000993 19
000996 9,11,15
000997 18,20
000999 5,15
001001 8,15
001002 4
001004 3
001008 14
001009 8
001010 20
001011 15,20
001012 1
001014 9,12,15
001015 3
001017 14,15
001018 9,11,18
001024 15,20
001027 2,9,20
001028 15
001036 15
001041 3
001042 12,15
001043 8
001045 5
001050 2,15
001052 7
001053 12
001056 12
001057 7,15
001060 2,7,15
001061 3,15
001062 20
001064 13,15
001066 15
001068 14
001069 7
001071 13,15
001072 15,18
001073 10
001074 3
001077 20
001078 8
001079 11,15,16
001082 8,16
001083 19
001084 13,15
001091 15,16
001092 12
001093 7
001097 15
001101 15
001102 1
001104 12
001106 9,11
001107 1
001109 15
001110 8
001112 7,16,19
001113 15
001119 7
001121 4
001124 6
001125 7,15
001127 12
001129 15,18
001130 10
001136 3,4
001137 15
001140 12,15
001142 16
001143 10
001144 1
001145 12,15
001147 15
001148 7
001149 16,18,20
001151 12,15
001152 6,15
001154 16,18
001156 8
001158 9
001160 1
001161 19
001164 9,11,15,16
001166 20
001168 15
001170 15
001171 14,15
001172 19
001174 9,11
001175 15,20
001176 4
001182 10
001184 2
001185 5,8,15
001186 2,15
001187 9,18
001191 17
001192 12
001194 2
001199 14
001200 19
001201 14,15
001203 12
001204 18
001205 4
001206 12,15
001207 3
001209 12
001211 8,12
001212 15,16
001214 9,18,20
001215 2
001221 15,19
001224 2,15
001225 12
001226 12
001229 5,15
001230 1
001231 9,18
001233 8
001234 12,15,20
001236 13,15
001237 7
001239 12
001240 15
001241 13,15
001247 4
001248 15
001250 3
001254 13,15
001258 7
001259 2,15
001260 3
001263 9,11
001265 15
001266 14,15
001268 7
001269 15
001270 1
001272 5,15
001273 3
001274 8
001277 1
001279 15
001281 7
001284 15
001286 14
001287 13,15
001288 1
001289 3
001290 7
001292 5,15
001293 12
001294 7
001298 4,15
001299 10
001304 15
001309 2,15
001310 15,17
001311 2,15
001312 10
001314 8
001315 15
001316 12
001323 19
001324 12
001325 4,15
001326 18
001327 15
001330 7,15
001332 1
001333 14,15
001334 7
001337 13,15
001341 3
001343 9,18,20
001345 9
001346 5,15
001348 3
001350 9,15
001352 7,9,15
001360 7
001361 3
001362 15
001364 7
001365 3
001371 7
001375 3
001378 3
001383 19
001384 7
001385 6,7
001386 7,14
001387 8
001388 15,18
001390 15
001393 5,9,11,15
001395 8
001397 12
001400 1
001402 2,18
001404 8
001405 13,15
001406 12,15,18
001408 5,15,16
001409 7,15
001413 3
001414 7,15
001418 12
001420 13,15,16
001421 15
001426 14,15
001427 2,15
001430 11,15,16,20
001432 7
001434 6,15
001436 1
001439 11
001441 11
001442 10
001443 8,9
001444 5,9,16,18,20
001445 6,7,15
001450 14,15
001451 5,15,16
001453 3
001455 2,7,15
001457 9,18
001460 2,15
001463 4
001464 16
001465 5,9,11
001466 7
001467 12
001468 10
001470 20
001472 7,15
001475 14,15
001479 15
001480 15
001481 4
001483 19
001484 4
001485 14,15
001486 8
001488 7
001490 5,12
001492 7
001493 5,15
001494 7
001497 4
001498 15
001499 15
001501 2,15
001504 15
001509 15
001510 14,15
001512 3
001514 15
001515 13
001517 12
001521 15
001522 5
001523 13,15
001524 12,15
001526 15
001528 3
001529 9,18,20
001531 9,15
001532 7,14,15
001536 15,20
001537 5,15
001539 2
001541 8
001543 18,20
001544 15
001545 1
001548 15
001553 2
001554 12,15
001555 8
001556 13
001557 1,15
001559 7
001561 7,15
001563 5,9,11,15
001565 19
001571 15
001576 7
001577 11,15
001579 2,15
001580 5,15
001582 8
001586 13,15
001588 18,20
001590 5,20
001593 15
001594 12,15,17
001595 6
001597 3
001598 17
001603 2,15
001604 7
001607 12
001608 15
001610 8
001611 15
001612 19
001614 10
001617 14,15
001618 7
001622 7,15
001627 15
001628 13,15
001630 2,15
001632 13
001633 9,11
001636 2
001638 1
001640 7,15
001642 12
001643 12
001647 3
001649 15
001650 9,18,20
001651 9,15
001653 19
001654 2,15
001661 17
001662 7
001669 8
001673 5,8
001675 12
001676 7
001677 9,11
001678 15,20
001680 12
001682 5,15
001683 9,11
001684 3
001685 3
001686 15
001688 14
001689 9,15
001690 13,15
001691 6,15
001693 7
001699 7,13
001707 3
001708 1
001711 15
001713 10
001714 17
001717 9,15,20
001718 12
001721 15
001723 14,15
001724 13
001725 15,20
001726 2,15
001727 13
001729 9,15,16
001730 13,15
001732 4
001733 17
001734 17
001738 12
001739 3
001741 10
001746 7,18
001747 8
001749 15
001750 17
001752 20
001754 5,15,16
001755 8
001756 5,15
001758 15
001759 12,15
001761 1
001765 14
001766 13,15
001768 8
001771 9
001772 15
001775 15,19
001777 5,11
001778 12
001780 7,14
001782 3
001784 15
001785 15
001787 3
001789 15,19
001793 15
001795 15
001797 15,18
001799 15
001800 15
001801 7,14,15
001806 10,15
001807 13,15
001809 15,20
001810 15,20
001816 8
001818 3
001821 7
001825 8
001827 20
001828 9,15
001830 15
001832 12,15
001833 2,15
001834 11
001836 15,18
001837 9,15
001840 8
001841 15
001842 1
001843 5,15
001845 7
001847 4
001849 15
001853 3
001854 15
001855 3
001858 1
001860 3,9
001861 2,15
001862 7
001864 9,15
001870 1
001872 17
001875 20
001877 7
001878 18
001881 7
001882 9,18
001887 9,11,15
001888 8
001892 6
001894 13,15
001896 3
001898 16
001899 7,14,15
001901 9,11
001902 6,7,15
001903 2,14,15
001904 15
001906 8
001907 19
001911 1
001915 3
001918 15
001920 15,20
001922 1
001927 13,15
001928 14
001930 15,19
001931 7
001932 9,15
001933 3
001934 8
001936 1
001937 7
001938 15
001940 8,12
001941 14,15
001944 7,15
001945 13,15
001948 14
001950 15
001952 3
001954 7
001958 15
001960 13
001962 6
001963 5,11,15
001964 3
001970 5
001971 8
001972 12
001976 4
001977 15
001978 9,15
001980 7,15
001981 8
001982 8
001985 12
001989 15
001995 9
001999 9,15
002000 4,15
002001 1
002002 9
002004 20
002006 8
002011 12
002012 15
002015 16
002019 7
002020 3
002021 10
002022 14,15
002023 7
002024 6,15
002025 9,11
002027 6
002030 5,15
002034 8,12
002036 19
002037 3
002039 4
002042 13
002043 13
002045 7
002047 18
002049 16
002051 3,15
002054 19
002055 12,15
002056 6,7
002058 8
002061 11,15,18
002063 9,11
002064 2
002067 8
002068 19
002069 2,15
002070 18
002082 14,15
002083 19
002086 20
002088 10
002090 9,15
002091 4,15
002094 3
002095 8
002096 15
002098 5
002099 1
002101 12
002102 3
002104 14,15
002108 11,15,16
002109 8
002112 5
002114 15,19
002116 7,12,16,18
002117 12,15,20
002120 3,15
002124 9,18,20
002125 7
002126 10
002129 1
002132 20
002134 7
002135 7
002136 3
002139 5
002140 12
002142 15
002145 8,15
002146 12
002151 8
002152 10
002153 7
002155 14
002156 9,11,15
002158 3
002163 15
002165 3
002166 19
002169 15
002170 7,15
002171 2,15
002172 14,15
002174 7,15
002176 15,18
002178 7
002179 16
002180 7,19
002181 9
002182 7
002183 13,15
002184 12
002186 9,15
002187 13,15
002190 13,15
002191 14
002192 16
002193 15
002194 9,15
002196 8
002197 7
002199 12
002201 6
002202 8
002208 4
002209 17
002212 3
002213 13,15
002214 15,19
002215 8
002218 9,12
002219 15
002220 15
002221 5,9,15
002224 15
002226 5,15
002228 6
002233 15
002234 4
002237 10
002238 13,15
002241 7,15
002244 7,15
002247 7
002248 7
002249 13
002251 18
002253 2,5
002255 1
002256 6,15
002257 2
002259 18
002260 14
002261 13,15
002263 17
002265 3,15
002266 1
002267 17
002268 8,12,18
002270 2
002272 2,15
002273 13,15
002276 3
002277 12,15
002278 6
002279 1
002280 20
002281 7
002284 16
002285 15
002287 5,9,12
002288 4
002290 14,15
002291 7
002293 15
002300 10
002302 4,15
002305 9,16
002306 15
002307 7,15
002308 8,9
002310 3
002311 7,15
002315 12
002318 14
002320 16
002321 19
002323 10
002324 15
002328 20
002329 13,15
002330 17
002332 15
002333 3
002334 9,20
002335 18
002337 2,15
002340 7
002342 15
002343 7
002345 12
002347 16
002348 1
002350 5
002352 19
002354 1
002355 7
002359 12
002361 15,16
002362 9,15,16,18
002364 12
002366 14
002367 14,15
002368 9
002369 10
002371 2
002372 4,15
002373 7
002374 6
002375 8
002376 1
002377 2
002378 15,16
002382 15
002384 12,15
002385 11,15
002387 10,15
002391 8
002392 4
002393 7
002401 15
002403 3,4,15
002404 5,11
002405 13,15
002407 8
002410 15
002411 7
002413 15
002415 12
002417 9
002419 14,15
002420 7
002423 19
002425 9,15,18
002427 18
002433 15
002435 4
002436 7
002437 8
002439 1
002441 8,20
002442 5,11
002443 12,15
002444 5,15
002445 8
002448 13,15
002450 12,15
002452 17
002454 7
002456 9,11
002458 14,15
002459 15
002460 2,15
002461 8
002462 19
002465 4
002466 12
002468 3
002470 8
002471 13
002472 1,15
002476 15
002477 15,19
002478 7
002479 4
002480 8
002481 15
002483 8,15,16
002490 6,7
002491 15
002492 9,18
002493 7
002494 10
002496 19
002497 7
002500 4
002501 9,15,18
002502 19
002504 7,15
002505 10
002508 2
002512 2,12
002513 1
002514 15
002518 5,15
002519 14
002520 13,15
002523 2
002524 15
002525 19
002529 11
002533 7,15
002534 7
002537 12
002539 6,15
002540 2,15
002542 11,15,16
002544 7
002545 5,15
002546 12
002547 3
002549 20
002554 15
002555 13,15
002558 2,15
002559 7,9,16
002561 9,15,20
002563 7,15
002564 15
002565 15,19
002566 6,7
002567 14
002569 16
002571 3
002572 5,9,15
002578 12
002579 3
002584 15
002585 14,15
002586 3
002589 9,15
002590 19
002593 17
002594 16
002595 7,15
002598 16
002599 14
002600 19
002603 3
002605 4
002606 7
002609 12
002611 12,15
002613 5,15
002615 17
002618 17
002621 3
002625 7,15
002627 11,18,20
002632 15
002633 13,15
002634 10
002635 3
002636 9,11,15,18
002637 8,15
002641 5,15
002643 7,14,15
002645 9,20
002646 7
002647 7
002648 17
002649 15
002653 4
002657 13,15
002658 5,9,11,15,16
002659 4
002662 11,15
002664 3
002666 14
002667 7
002668 15
002669 10,15
002670 12
002675 2,15
002677 8
002678 13,15
002680 12
002682 7
002683 17
002684 13
002689 15
002690 12
002691 12,15
002693 7,15
002695 10
002696 12
002697 12
002699 6
002702 9
002704 7
002706 8
002709 3
002710 15
002713 13,15
002714 15
002715 2,15
002717 3
002718 3
002721 3
002722 2
002723 14,15
002727 2,15
002730 7,15
002732 12
002734 6,7
002735 13,15
002737 1
002738 4
002741 15,19
002744 15
002745 5
002747 9
002749 10
002751 2,15
002755 15
002757 19
002759 7,14,15
002760 8
002762 3
002763 10
002765 1
002766 8
002767 9,15,20
002772 7
002774 13
002775 16
002776 6,7,15
002778 9,20
002779 7
002782 19
002783 6
002784 12
002785 8
002786 13,15
002791 3
002794 10
002795 14,15
002796 8
002798 11,15
002800 13
002801 11
002803 9,15
002804 7,13,15
002807 14,15
002810 12
002812 6,7
002815 15
002816 6
002817 16
002820 16
002826 12,15
002827 15
002833 7
002834 15
002835 19
002836 3
002838 4,15
002841 15
002842 13,15
002844 19
002845 17
002847 1
002848 14
002854 7
002855 15,18
002858 13,15
002859 6,15
002864 15
002866 9,11
002867 6,15
002868 10
002869 1
002870 14,15
002873 1,17
002875 12
002879 15
002880 12
002881 5,15
002884 7,15
002886 15
002889 15
002891 19
002893 14
002896 3
002899 6,15
002901 20
002906 19
002910 9
002912 2,15
002913 15,19
002914 15
002915 15
002916 15
002917 7
002919 3
002924 8,16
002931 5,15,20
002932 15
002933 15
002934 8
002935 15
002937 7
002938 3
002939 5,9,15,20
002940 10,15
002941 5
002942 1
002943 11
002944 8
002946 16
002947 9,18
002952 8,20
002953 5,20
002954 15
002956 2
002957 9,12
002958 15
002960 15
002962 15
002963 17
002965 5,15
002966 12
002967 16
002969 3
002975 15,19
002976 15
002977 12
002978 10
002984 3
002986 17
002987 15
002988 15
002989 9,18,20
002990 15
002992 2,15
002994 7
002995 8
003000 1
003002 15,16
003003 15
003004 9,16,18
003005 18,20
003007 7
003008 4
003009 7
003011 18,20
003013 7
003015 13
003017 13,15
003021 6
003023 15
003024 2,15,16,18
003027 7,13,15
003028 1
003031 8
003032 1,7
003034 9,15
003038 19
003039 15
003042 9,11,15
003044 15,16
003045 8
003047 2
003051 7
003053 7,19
003054 7,18
003056 5,9,11
003057 7,14,15
003058 15
003061 9
003063 15,18
003064 15
003065 4,15
003066 3
003072 3
003074 3
003077 9,15
003078 9,15
003082 3
003083 6,7
003085 8
003086 15
003088 5,15
003089 14,15
003090 19
003092 7
003093 16
003094 7
003098 4
003100 12,15
003102 2,15
003103 7
003105 10
003106 8,15
003107 15
003108 5,18
003110 12
003112 3
003116 3
003117 7
003118 3,15
003120 9,18,20
003121 13,15
003122 5,15
003124 14,15
003126 3
003127 8
003129 15
003133 1
003134 15
003135 19
003137 6
003138 15
003140 15
003142 2
003145 15
003146 16
003147 12,15
003149 5
003150 15,18
003154 6
003155 3
003157 20
003159 5,15
003161 12,17
003162 14,15
003163 6
003164 19
003165 7
003169 8
003170 15,17
003175 2,15
003176 7
003177 12
003178 19
003181 5,15
003183 1
003184 8
003185 5,15
003186 9,16,18
003188 2,15
003189 13,15,16
003194 12
003195 6,7
003199 3
003200 1
003202 9,16
003204 20
003205 9,15
003207 5
003210 13,15
003211 16
003213 8,15
003214 7
003216 12
003218 2,15
003219 5,11
003223 4
003228 6,7,12,15
003229 1
003231 7
003233 1
003236 15,18
003239 9,16
003240 2,7
003242 3
003243 7
003244 19
003247 15
003250 3
003253 12,15
003254 3
003255 18
003256 3,7
003258 18,20
003259 5,15
003260 15,20
003261 7,15
003262 5
003269 5
003270 3,15
003271 7
003272 8
003273 3
003274 12
003279 18
003280 15
003282 15
003284 12,15,16
003285 7
003290 13,15
003292 15
003293 12
003294 13
003296 15
003299 1
003300 11,18,20
003301 12,15,16
003303 13,15
003307 13
003308 8,9
003311 6,15
003313 7,15
003316 3
003320 15
003325 12
003327 14,15
003330 3
003331 7
003335 9,15
003336 14
003337 4
003338 3
003339 12
003343 12
003344 7,15
003349 3
003350 11
003351 8
003354 10
003355 7,15
003356 20
003359 7
003360 12,15
003362 13,15
003363 7
003365 1
003367 14,15,16
003369 1,15
003370 19
003373 12,15
003374 12,16,20
003376 5,9,15
003377 3
003379 7
003380 15
003382 15,17
003386 1,15
003390 7,15
003391 14,15
003392 8
003395 2,15
003396 14,15
003397 7,15
003398 20
003401 9,20
003403 13,15
003404 4
003406 7,15
003407 6,15
003408 18
003410 10
003412 14,15
003413 4
003415 8
003416 3,15
003417 15,19
003419 16
003420 7
003421 9
003422 11,15
003424 13,15
003425 12
003429 13,15
003430 12
003433 2,9,15
003435 15
003436 13,15,16
003439 10
003441 6
003443 12
003444 18
003449 5,20
003450 15,16,18
003451 5,9,18,20
003452 9,11
003453 15
003455 1,15
003458 3
003461 7,9
003462 12,15
003464 19
003465 15
003466 15,16
003468 2,15
003469 2,15
003470 15
003477 9
003484 7,15
003487 15,20
003489 12
003491 12
003492 13,15
003493 1
003496 5,15
003497 19
003499 19
003500 8
003506 16
003508 12
003509 16
003510 9
003511 2
003516 9,11
003518 9,15
003519 3
003521 9,15
003522 8
003524 3
003525 8
003528 15,18
003529 15
003530 15
003536 12
003537 19
003539 14,15
003546 8
003548 15
003549 2
003550 15
003551 7
003554 1
003555 7,16
003556 5,15
003564 19
003565 3
003566 5,15
003567 14,15
003575 15,18
003576 6,14,15
003577 5,11,15
003580 15
003585 14,15
003586 8
003587 19
003588 9
003589 2,15
003593 17
003594 3
003596 7
003597 19
003599 2
003603 11,15
003604 12,20
003605 19
003606 7
003608 7
003609 9,18
003611 13,15
003614 3
003618 13,15
003620 8
003621 2,6,15
003622 16
003623 3
003625 13,15
003627 12
003628 15,19
003629 16
003632 12
003634 7
003635 6
003636 6,7
003638 9,11,15
003639 4
003640 10
003642 6
003644 11,15
003645 13,15
003646 3
003648 15,18
003651 15,19
003654 15
003655 7,15
003656 8
003657 4
003658 2
003660 20
003662 9,15,20
003663 15
003664 9,15
003667 1
003669 4,15
003671 12
003673 12
003674 8
003675 3
003678 5,15,20
003679 3
003681 12,17
003684 14
003685 15,19
003688 15
003690 15,18
003691 13,15
003694 9,15,16,20
003695 19
003696 13,15
003698 17
003699 15,16
003700 15
003703 7,15
003704 3
003705 17
003706 14,15
003708 9,15
003709 19
003711 6,7,15
003713 7
003714 17
003717 2,15
003721 7
003722 4
003727 3
003729 5
003732 13,15
003735 13,15
003740 15
003743 18
003748 3
003749 15
003750 10
003751 9,15,18,20
003752 19
003753 12
003754 13
003758 16
003759 15,20
003760 12,14,15
003763 8
003767 9
003772 13
003773 1
003774 12
003779 13,15
003780 8,15,20
003781 15
003783 5
003784 2
003786 6
003788 8,9
003790 7
003791 9,11,16
003792 12
003793 8
003796 16
003797 4,15
003798 7
003803 3
003806 7
003807 8
003808 20
003809 7
003811 4,15
003814 8
003817 15
003818 19
003820 7
003821 12
003824 7,14,15
003826 14,15
003827 2,15
003828 3
003830 19
003834 16
003835 6,7
003837 9
003838 15
003844 8
003845 18
003846 12
003847 15
003848 19
003849 14,15
003855 2,14,15
003856 15
003857 9
003859 5,11,15
003860 4,15
003861 4
003863 4,15
003865 5,11,15
003866 19
003868 15
003869 12,15
003871 3
003872 12
003874 17
003876 1
003877 15,16
003879 15
003885 7
003886 1
003887 10
003889 9,13,15
003890 8
003891 7,15
003895 19
003898 3
003899 12,15
003905 3
003907 9,18
003911 20
003912 8
003913 15
003915 12,15
003918 3
003919 4
003921 12
003923 11,15
003924 16
003926 19
003932 5,15,16
003935 12
003936 7
003937 8
003939 13,15
003941 14
003945 2,15
003946 12,15
003947 9,11,20
003948 13,15
003949 3
003953 15
003954 7
003956 16
003957 19
003960 13,15
003961 15
003963 15,18,20
003965 3
003966 6,15
003969 3,12
003970 13,15
003971 7
003973 6,7,15
003974 4,15
003979 3
003983 20
003984 8
003986 12,15
003987 7
003988 9
003990 12
003991 8
003992 14,15
003993 1
003994 10,15
003996 15
003997 7
003998 7
004003 14
004005 19
004008 12
004009 1
004010 15,18
004011 7
004012 9,15
004013 3
004014 9,15
004015 12
004016 8
004017 15,16
004019 7,15
004020 15,20
004023 10
004025 3
004028 9,15,16
004031 8,15
004033 14,15
004034 12
004035 8,12
004037 16
004039 15
004046 3
004047 9,15
004051 13,15
004052 1
004057 2
004058 15
004060 15
004066 18
004067 14
004069 3
004073 6,7,15
004075 5,15
004076 8
004077 12,13,15
004082 2
004085 12,15
004087 7
004089 7
004091 7,15
004092 15
004093 9
004095 12
004100 20
004102 19
004105 9,18
004106 9,18,20
004108 7
004110 5,15
004111 9,15
004113 12
004117 13,15
004120 6
004121 15,16
004122 15
004129 8
004131 3
004133 15
004135 1
004136 2,6,7,15
004137 12,15
004138 15
004140 2,5
004141 10,15
004142 12,15
004143 3
004145 7,14,15
004146 13
004148 20
004149 8,9,11
004150 8,20
004152 5
004158 5,15
004163 20
004164 9,18,20
004168 13,15
004169 15
004170 4,15
004171 3
004174 6
004178 12
004185 8
004186 6,7
004189 12
004190 20
004191 14,15
004192 20
004193 5,9,20
004194 4
004195 13,15
004196 1
004200 10
004201 9,15
004203 7
004204 3
004205 15
004209 12,15
004212 8,16
004215 14
004220 3
004221 3
004223 15
004224 1,15
004228 7
004229 14,15
004230 15
004231 7,15
004232 12,15
004237 15,20
004239 17
004241 4
004242 7
004244 7,15
004246 4,15
004247 3
004253 9,11
004255 14
004256 19
004257 9
004258 4,15
004259 9,15,18
004263 3
004264 12
004265 15
004269 15
004270 9,15
004271 3
004272 12
004273 15
004274 16,20
004275 14,15,16
004279 5,11,15
004280 5
004281 19
004283 14
004284 7
004286 1
004287 8,15
004291 15
004292 15,16
004293 12
004295 7
004296 5,11,15
004298 12,15,18
004300 14
004303 6,7
004304 7,15
004307 13
004310 8,9
004312 17
004315 19
004318 12
004321 14,15
004322 5,15
004323 13,15
004325 4
004326 3
004327 12,15
004329 7,15
004331 20
004333 5
004338 14
004339 13,15
004341 20
004345 8
004346 7
004347 3
004349 3
004351 1
004352 12
004354 19
004356 2,15
004359 2,15
004360 15
004361 14,15
004364 9,16,18
004365 7
004367 7
004368 10
004369 18
004370 5,15
004371 4
004372 13,15
004376 8
004379 1
004380 14,15
004384 7,15
004386 7,19
004387 6,15
004389 13,15
004390 1
004391 1
004392 9,15
004396 1
004397 15
004404 8,15
004405 9,11
004409 12
004411 19
004421 9,11
004423 17
004424 15
004429 2,7
004430 2
004432 8
004433 12,15,16
004434 12
004436 19
004437 15,19
004438 12,15,20
004439 7
004441 10
004446 8,16
004450 13
004452 1
004455 8,16
004457 15
004459 1,15
004463 14,15
004464 4,12,15
004466 15
004468 5
004470 1,15
004471 15
004474 10
004479 5,15
004481 7,15
004484 9,11,16
004487 13,15
004488 7
004490 17
004493 5,11
004494 7,15
004495 5,15
004496 15
004498 4
004499 15
004500 10
004502 8
004507 14
004508 5,15
004509 2,15
004510 9,20
004512 9,12,15
004514 20
004517 15
004518 15
004519 7
004520 15
004524 3
004526 7
004527 17
004528 1,15
004530 6,15
004532 4
004535 13,15
004537 10,13,15
004539 7
004540 18
004542 15,18
004544 6
004548 12
004549 9,20
004551 12
004552 6
004553 13,15
004555 1
004558 16
004562 15
004563 7,15
004565 12
004566 8
004570 1
004571 10,15
004574 9,15
004576 7
004579 19
004581 7
004584 18
004585 10
004587 12
004588 5,15
004591 7,19
004592 4
004595 12,15
004597 9
004600 8
004601 14,15
004604 7,14,15
004605 2,15
004606 1
004607 9,18
004609 12,15
004611 9,15
004612 3
004618 7
004622 2,15
004623 3
004625 13
004626 19
004627 19
004628 8
004630 6,15
004631 9,15,16
004632 12
004634 13
004636 3
004643 1
004644 12
004647 14,15
004648 6,15
004649 19
004651 4
004652 20
004653 15
004654 8,9
004655 9,11
004656 13,15
004660 7,15
004662 13,15
004671 5
004672 2,15
004673 2,15
004674 1
004675 19
004676 2,15
004679 12,15
004682 16
004683 8
004685 15
004686 10,13,15
004687 7,14,15
004689 19
004691 7,19
004692 9,15
004693 15,19
004694 14,15
004699 15,16
004701 5
004702 3
004705 6,7
004706 2,15
004707 15,16
004708 8,18
004710 5
004714 9,16
004715 15
004718 5,15
004719 6,7
004722 13,15
004723 15
004727 6,7,15
004732 9,15
004735 9
004737 12
004742 5,11,15,16
004743 8
004746 19
004747 7
004748 1,7
004750 7,14,15
004753 5,15
004754 20
004760 12,15
004761 2,15
004768 17
004770 15
004773 9,11,20
004776 19
004777 12
004779 7,15
004782 2,15
004783 3
004785 9,11
004786 7
004788 13,15
004789 13,15
004790 15
004792 8
004793 7
004794 3
004796 14,15
004797 2,15
004799 3
004801 15
004805 7,14
004808 7
004812 1,15
004814 8
004815 13,15
004816 12
004818 9
004823 7
004825 16
004826 10,15
004828 7,15
004830 7
004831 15
004832 8,15
004834 13,15
004836 14
004837 9,18
004839 4
004840 14,15
004841 1
004842 17
004846 15
004848 3
004849 19
004850 7
004852 15
004856 8
004857 9,11,15
004859 15
004863 7
004866 8
004867 19
004868 11,15,20
004869 3
004872 13,15
004873 7
004876 3
004878 8
004879 2,15
004882 14,15
004885 4
004886 5,15
004890 7
004895 16
004896 1
004897 15
004898 15,16
004902 13,15
004903 7,18
004905 1
004907 8
004910 6
004911 19
004912 2,9
004913 15
004916 5,15,20
004926 5,11
004928 15
004929 12
004931 4,15
004935 13,15
004936 2
004938 18
004939 15,16
004943 5,15
004946 7,15
004948 16
004950 13,15
004951 19
004953 2,6,15
004954 15,17
004955 8,20
004956 9,20
004958 4
004960 16
004961 7
004962 7
004963 8
004966 3
004967 14
004968 13,15
004972 3
004973 7
004974 3
004976 11,15
004977 12
004982 1
004983 2,7
004984 9
004985 8
004986 9
004987 15
004990 15
004991 9,11,16
004992 12
004994 9,15
004995 13,15
004997 19
004998 8
004999 12
005001 17
005003 7
005004 18
005006 3
005007 20
005014 15
005016 1
005018 12
005020 7
005023 3
005024 15
005026 6
005027 15,20
005028 7
005029 2,15
005032 19
005033 3
005036 10,15
005037 15
005039 15
005042 2,15
005045 15
005047 7
005052 5,15
005054 15
005055 9,11
005056 12
005057 2,15
005058 17
005061 15
005062 12
005063 10,15
005064 2,15
005065 7
005067 7
005068 6
005071 7
005072 7
005073 4
005077 19
005078 8
005079 1
005081 12,13,15
005084 3
005085 9,11
005086 9,15
005090 6,15
005093 14,15
005094 13,19
005097 12,15
005101 8,9
005102 7,15
005104 8,18,20
005107 2,15
005108 1,4
005110 7
005111 15
005114 10,13,15
005116 14,15
005121 12
005122 2,15
005124 10,15
005128 4
005129 9,15
005130 3
005131 8
005134 15
005135 9
005136 19
005138 3
005143 16
005144 15
005145 16
005146 2,15
005150 2,4
005153 9,20
005156 7,14,15
005159 7
005160 5,9,11,15,16,20
005161 13,15
005168 19
005169 7,8
005171 4
005173 14,15
005175 1
005176 15
005177 18
005179 18
005181 4
005183 8,16
005185 12,18
005186 9,16
005189 15
005190 15,16
005191 9,11
005195 5,11,15
005199 7
005202 3
005203 12,18
005208 15
005209 7
005210 20
005212 9,14
005214 19
005215 14
005217 4
005219 15
005220 15
005222 8,15
005223 17
005224 16
005229 15
005230 2,15
005231 12,15,18
005236 13,15
005239 15
005242 5,15
005244 19
005245 15
005246 3
005248 13,15
005253 3
005254 12
005257 4,15
005258 14
005259 7
005260 14,15
005262 6,7
005263 18
005264 3
005267 19
005268 2,15
005269 15,19
005270 8
005273 2,7,15
005274 12,15
005278 13,15
005281 2,15
005283 15
005285 3
005288 17
005290 1
005292 18
005293 12
005297 15
005298 15
005303 12,15
005304 5,15
005305 7
005306 13,15
005307 8,15
005310 15
005311 15
005312 8
005314 14
005315 2,15
005318 7
005319 17
005320 4
005325 4
005326 10,15
005327 12,15,18
005328 3
005331 7,13,15
005336 15,18
005337 4
005338 3
005340 4
005343 15
005344 2,15
005345 5,11
005346 15,16
005348 15
005349 9,20
005350 7
005351 13,15
005352 12
005355 19
005358 1
005360 19
005363 17
005365 12
005367 5
005368 2,15
005369 4
005370 4
005371 3,15
005373 7
005374 6,15
005378 9
005379 12
005380 8,9
005383 15
005384 15,19
005385 5,15
005387 6,7
005388 5
005389 19
005391 1
005393 1
005395 17
005396 15,20
005397 9,18
005398 14,15
005404 10
005405 15
005406 1
005407 19
005408 12
005410 2,15
005413 15
005414 14,15
005416 12
005417 15
005418 10
005419 13,15
005420 4
005421 15
005423 7
005424 2,15
005429 2,15
005430 2,15
005431 4
005433 12,18
005434 8,9
005436 14
005438 9
005439 9,15
005440 19
005441 5,15
005445 8
005448 14,15
005450 15
005451 11,15
005453 12,13
005454 9,20
005455 8
005457 7
005461 13,15
005465 1,9
005467 5,11,15
005469 17
005470 8
005471 5,9,15
005475 15
005478 15
005481 19
005483 7
005485 3,15
005486 7
005487 1,15
005489 7
005496 4,15
005497 12
005499 7,15
005507 2,15
005508 15
005509 1,15
005510 18
005511 13,15
005514 10
005515 16
005517 9,16,20
005518 12
005519 8
005521 11
005522 15
005524 12
005526 15,20
005527 15
005530 6
005531 9,11,16
005535 12
005536 7,15
005539 8
005541 5,15
005542 15
005544 19
005547 7,10,15
005549 7
005550 13,15
005552 14,15
005554 2,15
005559 8
005563 5,15,20
005566 7
005568 13
005573 15,18
005574 1,15
005576 19
005577 7
005579 8
005582 15
005583 15
005584 7
005585 7,15
005586 8
005588 7
005590 8
005591 9,11
005592 7
005593 7,15
005599 2,15
005600 1,15
005601 12
005603 3
005605 9,16,20
005606 5,15
005608 14,15
005609 7
005611 13,15
005613 12,15
005614 4
005615 14,15
005618 9,15,20
005620 1
005624 3
005625 3
005629 9,11
005630 8
005631 6,15
005636 13,15
005637 3
005639 2,15
005640 7
005641 12,16
005644 15
005645 7,15
005647 9,11
005648 15
005652 2,14,15
005653 10,15
005654 19
005655 1
005657 15
005658 6,15
005660 15,19
005662 5,11,15
005664 15
005668 12
005669 6,7,15
005672 5,11,15
005674 3
005676 16
005679 7
005680 15,19
005682 15,16
005685 19
005686 9,11
005687 9,16
005693 12,15
005695 15
005696 12
005697 9,18
005699 4
005700 13,15
005701 9
005702 2,15
005704 11,15
005705 4
005710 9,11
005713 4
005714 4
005715 8
005716 15
005718 9
005719 11,15
005723 9,18
005728 10,13,15
005729 14,15
005730 9
005731 6,15
005732 13,15
005735 19
005736 14
005738 7,15
005740 3,15
005741 13,15
005742 4
005743 12
005747 7,15
005749 7
005752 12
005755 18
005756 7
005757 2,15
005760 7
005761 15
005762 16
005764 15
005765 15
005768 2,15
005769 8
005773 15
005779 12
005780 15
005781 3
005782 7
005783 14
005784 9,15
005786 15
005788 15
005789 12
005790 15
005791 7,14
005794 9,11,16,18
005796 15,20
005799 15,20
005803 11
005805 3
005806 7
005811 9,15
005812 12
005813 16
005814 5,15,20
005815 19
005817 16
005818 15
005819 8
005821 9,16
005824 15
005825 4
005826 15
005828 1
005829 15
005830 7
005831 7
005836 15
005838 8
005839 7
005840 15
005841 10
005843 10
005845 8,15
005850 8
005851 19
005852 15,20
005853 19
005854 3
005856 15,20
005859 15
005860 4
005861 7
005863 15
005864 18
005867 9,20
005868 7
005873 12,15
005874 16,18
005875 14
005877 13
005878 14
005879 8
005881 15
005884 14,15
005885 15
005888 12
005889 15
005893 19
005894 16
005895 1
005897 7
005899 7,12
005901 8
005903 15,19
005905 15
005906 6,15
005908 5,15
005909 3
005910 3
005911 6
005912 3
005914 4
005917 8,9
005918 7
005919 5,11,15
005920 9,11
005923 2,9,15,16,18
005928 14,15
005930 2,15
005938 15
005940 15
005947 17
005948 12,13,15
005951 14,15
005952 1
005954 8
005956 7,15
005960 8
005961 6,15
005963 9
005964 17
005968 12
005970 8
005971 15
005975 15
005979 7,15
005980 8
005981 10
005983 3
005984 12,15
005985 15,16
005988 7,12,15
005989 14,15
005990 14,15
005991 15,16
005992 12,15,18
005995 19
005996 14
005998 7
006000 9,20
006001 19
006004 9,15
006005 9,15
006009 7
006011 7,15
006012 3
006018 6,7
006020 18
006023 19
006025 1
006026 8,12
006027 9
006028 2,15
006029 9,12,15,16,18,20
006030 9,11
006033 15
006035 7
006038 7,14,15
006041 15,20
006042 12
006043 7,15
006045 9,18
006046 4
006055 9
006058 7
006061 5,8
006062 7
006065 12
006066 9,20
006067 1
006069 8,16
006070 3
006071 14,15
006073 10
006074 20
006078 9
006079 4,7
006084 8
006088 9,18
006089 7
006091 3
006095 10,13,15
006096 6
006097 7
006098 3,4
006100 9,12,16,18
006103 7,15
006104 15,18
006105 8
006107 19
006108 3
006111 10
006117 15
006120 14
006123 4
006124 7
006125 8
006128 7
006129 1
006130 15,18
006131 20
006133 7,15
006134 13
006135 19
006136 17
006139 12
006140 11,15
006141 5
006146 2
006148 10,15
006150 15
006151 7,13,15
006153 19
006156 15
006158 15,18,20
006159 16
006161 11,15
006162 1
006163 15
006166 19
006170 10
006171 12,15
006172 15
006174 12
006175 15
006176 15
006177 10,14,15
006179 15,20
006180 5,15
006181 3
006183 8
006184 1
006185 9,15
006187 15
006188 2,16
006189 5,12
006190 12
006196 7
006198 15
006201 19
006202 10
006203 7
006206 2,7
006208 1
006209 15,20
006210 7
006212 1
006214 2
006215 4
006216 14
006218 6,7
006219 12
006220 9,11
006221 15
006222 3
006223 7
006224 7
006225 7,15
006229 15
006230 12
006233 15
006234 8
006235 7,15
006236 14,15
006238 15,20
006240 15
006241 5,9,11
006243 14,15
006247 17
006249 13
006250 7
006251 17
006252 12
006254 19
006258 1
006259 11,15
006260 8
006261 7
006262 8
006264 3
006267 12
006269 8
006270 9,16
006272 14,15
006275 19
006276 13,15
006277 7
006279 1
006281 4
006282 15
006284 15
006285 13,15
006286 9,11,15
006289 9,15
006290 6,7
006291 10
006295 13
006296 15
006299 5,16
006300 2,15
006301 7
006304 4
006305 8
006306 1
006309 3
006314 20
006318 8
006319 16
006320 7,15
006321 12
006323 20
006325 7
006329 7
006330 6,7
006335 5
006337 12
006338 19
006339 15,18,20
006341 15
006344 15,19
006346 6,7,15
006348 9,20
006349 1
006350 1
006351 15,16
006352 6,15
006353 8
006355 12,15
006357 4
006362 7
006363 5
006366 12
006367 3
006369 7,15
006371 2
006374 1
006375 7
006377 19
006381 5,9,11,15
006382 13
006385 12
006387 2,15
006391 9,15
006392 13,15
006395 9,15,20
006396 7
006398 5,11,15
006400 19
006404 10
006409 5,11,15
006411 20
006417 7
006418 2
006419 9
006421 7
006424 9,18
006425 8
006427 15
006428 13,15
006429 13
006430 3
006433 1,15
006434 12
006436 4
006437 6
006438 7
006440 14,15
006442 15
006443 1
006444 12,15
006445 13,15
006447 9,11,16
006448 5
006449 2
006450 15,20
006455 13,15
006456 12
006458 7
006459 7,13,15
006462 8
006463 15
006465 15
006466 19
006468 19
006470 3
006472 20
006473 8,20
006474 12
006475 3,15
006476 14,15
006480 1
006482 15
006483 5,15
006484 7
006486 5,15
006488 12,15
006492 15
006495 8
006497 7,15
006499 19
006501 6
006503 5,11,15
006506 13,15
006507 12
006509 9,18
006512 8
006515 2
006519 5,11,15
006520 3
006523 1
006524 7
006529 1,15
006530 9,18
006532 14,15
006534 17
006536 15
006538 19
006542 4,15
006543 3
006547 8
006548 3
006549 4
006550 2,14,15
006551 2,15
006553 9
006556 12
006560 15
006562 10
006564 1
006565 8
006569 6
006570 12
006572 13,15
006575 16
006576 5,15
006578 15
006583 15,20
006584 15
006585 14,15
006587 15
006588 7,15,19
006593 7
006595 8
006597 12
006599 9,15
006602 12,15
006603 2
006605 9,16
006606 12
006609 12,15
006610 5,15
006611 13,15
006612 10,15
006617 13,15
006618 14,15
006619 1
006621 15,18
006622 18,20
006625 7,15
006626 5,15
006627 11,16
006628 9,11,20
006631 15
006632 2,7
006635 19
006636 1
006637 2,15
006638 18
006643 3
006645 13,15
006647 14,15
006648 5,15
006652 19
006654 7
006657 8
006658 9,11,15
006660 4,7
006661 2,15
006664 2,15
006666 15
006667 15
006668 7,15
006670 15,19
006671 3
006673 4
006674 8
006677 9,15
006678 17
006679 17
006681 16
006682 15
006684 20
006687 5
006689 9,11
006690 15
006694 19
006695 15
006696 11,15
006697 15
006698 15
006699 15
006702 1
006703 15
006704 20
006706 3,7
006707 9,15
006708 10
006709 15
006714 15
006718 2,15
006719 7
006722 13,15
006725 8
006726 16
006727 5,15,18
006730 19
006731 5,11,15
006734 7
006735 12
006736 7
006738 2,15
006739 3,15
006740 8
006747 14
006748 7
006751 3
006753 15
006755 9,16,20
006759 6
006760 8,20
006761 10
006762 14,15
006765 16
006766 6,7
006768 9,15
006769 12,13
006772 15
006773 1,4
006777 15,16
006781 8
006782 15
006783 7,15
006784 15
006786 15
006789 13,15
006794 1
006797 13,15
006799 3
006800 3,15
006802 15,19
006803 15,19
006805 12
006806 16
006808 15
006810 15
006813 8
006814 20
006819 9,11
006821 6,7,15
006822 14
006824 15
006825 3
006827 18
006828 5
006829 12
006833 15,17
006835 15
006836 13,15
006838 15
006839 14
006840 15
006841 10,15
006842 20
006844 19
006845 9
006847 13,15
006848 3
006849 12
006850 13,15
006852 9,18
006855 2,15
006858 7,13,15
006859 16
006860 1
006862 13,15
006864 15
006865 3
006866 13,15
006867 4
006868 7,15
006869 8
006874 4,14,15
006876 8,9,15
006878 18
006880 2,15
006883 8
006884 7
006886 9,18
006887 9,15
006892 5
006893 7
006896 15
006899 17
006900 7
006903 12,15
006908 5,15
006909 1
006910 3,15
006911 13,15
006912 5,11
006914 3
006916 12
006917 5
006918 7
006919 5,15
006922 1
006924 15
006930 18
006931 7
006932 15
006933 13
006934 15
006935 10
006939 5,15
006940 12
006943 15,19
006944 17
006945 2,15
006947 20
006948 5,15
006949 8
006950 2,15
006952 3
006953 4
006956 15,16
006958 15
006959 15
006962 12
006963 8,9,15
006965 4,15
006966 14
006968 12,15,18
006971 8
006972 11
006976 8,9
006981 15
006983 4,15
006987 15,20
006988 7,15
006989 8,15
006990 2,15
006994 12
006995 9
007002 6
007003 6,7
007004 2,7,15
007006 9,11
007007 15
007008 10
007009 14
007011 12
007016 15
007018 13
007020 15
007021 5,11
007022 3
007023 9,15,20
007025 8
007029 2
007031 15
007033 1
007035 13,15
007036 15
007038 8
007039 20
007040 7,15
007042 9,11,18
007045 10,15
007046 9,15
007048 5,15,17
007049 1,15
007050 8
007052 4,15
007054 15
007056 5
007058 7
007059 15
007062 2
007064 9,11,18
007065 3
007068 7
007070 12
007071 8
007072 10
007073 14,15
007074 6
007075 10
007077 9
007078 9,16
007079 15
007080 15
007084 3
007086 1
007088 1
007089 12
007090 7
007092 3
007093 9,15
007095 6
007097 1
007100 20
007101 19
007104 5
007105 18
007108 2,15
007109 13,15
007113 20
007114 15
007117 5,15
007121 5,15
007122 15
007123 19
007125 4
007128 15
007129 12,15
007130 16,20
007132 19
007133 7
007138 13,15
007139 4,15
007140 2,15
007141 5
007144 6
007146 3
007147 15
007148 15
007149 12
007150 14,15
007152 1
007153 10,15
007154 15
007159 7,15
007162 18
007163 15
007165 17
007166 12,20
007167 7,15
007168 19
007172 2,15
007174 14
007177 5,11
007180 16
007182 15
007184 15
007185 13
007187 15,18
007189 15,20
007191 5,9,11
007193 18
007194 3
007197 8
007200 14,15
007204 8
007205 7
007208 15
007210 20
007211 14
007212 12
007213 9,15
007214 12,15
007215 10
007216 13,15
007217 17
007219 9,20
007222 19
007223 8
007224 19
007227 15
007230 17
007234 13,15
007236 6,15
007241 6
007243 13,15
007244 2,15
007245 12
007247 7
007249 8
007250 5,20
007256 2,15
007258 18
007259 9
007260 13,15
007261 7,15
007263 9,18,20
007266 9,15
007270 7,15
007271 6,14,15
007274 1
007275 18
007276 19
007279 6,7
007280 1
007283 2,7
007284 7,15
007285 7
007289 4
007292 1
007294 7
007295 8
007296 3,15
007297 1
007298 6,15
007299 3
007300 3
007302 16,18
007305 7,14,15
007308 13,15
007311 9
007314 14,15
007318 15
007322 12
007323 5
007325 13,15
007327 2,9
007329 8
007330 15
007334 8
007336 15
007343 8
007344 8,16
007346 6,15
007350 11,15
007351 5
007356 2,16
007359 15,20
007361 19
007363 7
007365 4
007369 9,15
007370 5
007372 1
007373 11
007374 7
007375 1
007376 6
007381 15
007383 7
007385 18
007388 15
007389 10
007390 9,18,20
007394 20
007396 16
007398 6,15
007408 15,19
007410 5,15
007411 12
007413 1,15
007414 7,15
007416 8,9
007417 8,12
007419 8
007421 3
007422 7
007424 7
007425 18
007427 7
007431 3
007432 9,20
007433 12
007435 9,11
007436 15
007437 6
007438 15
007439 13
007443 9,18
007445 15,19
007446 2,7,15
007448 13,15
007449 4
007451 16
007454 8
007457 5,15
007458 9,11,20
007460 4
007461 5
007465 20
007466 2,9,14,15
007467 19
007468 7
007470 1
007474 12
007475 15
007477 4
007479 7
007480 6,15
007481 3
007482 15
007483 15
007484 6
007486 1
007489 12
007490 7
007491 18
007493 5,15
007497 7,15
007498 11,15
007503 1
007506 20
007511 5,11,15,16
007513 19
007517 8
007519 16
007521 4
007523 3
007524 8
007525 7
007526 13,15
007527 7
007528 10
007530 8,9,20
007533 4
007535 15
007536 18
007537 12
007538 9
007540 15
007543 2,15
007544 9,11,20
007546 6
007547 13,15
007551 2
007555 19
007558 9,15
007559 15,20
007563 15
007565 8
007566 7,15
007568 15
007570 13,15
007571 2,15
007572 5,11,15
007575 6
007576 13,15
007578 12,15
007579 15
007585 12
007586 19
007590 15
007592 7,15
007594 13,15
007600 16
007601 7
007603 13
007605 15
007606 15
007611 13,15
007612 12
007614 7
007615 3
007618 15
007619 9,15
007621 17
007622 7
007624 16
007626 1
007629 15
007631 5,9,15
007633 6
007637 13
007639 15,18
007640 8
007642 14
007647 7,14,15
007649 15
007650 6,7
007653 7
007654 1
007655 2
007656 15
007657 15
007662 3
007663 7
007664 9,11,16
007666 19
007667 7
007668 15
007670 14
007671 3
007672 18
007673 11,16,18
007675 15
007677 1
007678 3
007679 2
007680 3
007682 8
007683 12,15
007685 4
007687 12,15
007688 14
007691 7
007692 12
007694 12,15
007696 19
007697 13,15
007699 7,15
007702 20
007704 16,18
007705 12,13
007709 2,7,15
007712 14,15
007713 3
007715 16
007718 4,15
007720 9
007721 3,7
007723 1,15
007724 9
007727 13,15
007729 20
007731 7
007732 9,20
007735 9,11,15
007736 6,7
007740 5
007742 19
007743 4
007745 7,15
007746 15
007748 13,15
007749 12
007751 5,15
007753 8
007754 9,20
007758 8
007760 12,15
007762 5,8,20
007763 15
007765 3
007767 19
007768 15
007772 10
007773 6
007775 12
007776 19
007777 11,15
007779 7
007781 16
007786 10,15
007790 5,7,9
007791 12
007793 14,15
007795 9,15,16
007798 5
007799 9,15
007803 4
007809 13,15
007810 15
007812 9
007813 12,15
007814 15,16
007815 7,15
007819 7,19
007820 1
007821 7,15
007824 8
007826 9,11
007831 3
007833 3,4
007834 12
007836 2,15
007838 12
007840 3
007841 12,15
007843 7
007845 3
007847 3
007853 3
007854 2
007855 6,7
007856 7,15
007857 1
007859 17
007863 8
007864 1
007865 9,16
007868 8
007869 3
007872 11,15
007873 18
007876 3
007877 15
007878 8
007883 7
007884 2,15
007885 8
007886 3
007889 15
007890 16
007897 14,15
007898 7
007899 5
007900 12
007901 15
007902 14,15
007905 7
007908 6
007909 11,16,18
007910 15
007911 14,15
007914 3
007915 15,20
007916 1
007919 13,15
007920 6
007921 7
007923 9,18
007924 3
007925 2,16
007926 19
007928 15
007931 7,15
007932 7,15
007933 2
007935 12
007939 10
007940 15
007943 15
007946 12,15
007947 19
007950 7
007953 2,15
007954 12
007956 11,16
007958 8
007959 9,18
007963 7,15,19
007964 7
007968 12
007970 7,15
007971 7,15
007974 8
007976 1
007979 10,15
007980 4
007984 14,15
007987 5,15
007991 3
007996 15,18
007997 15
007998 15
007999 16,18,20
008001 7
008002 15
008004 6
008005 10,12
008008 14,15
008009 12
008012 16
008017 3
008019 7,13,15
008023 2,6,15
008024 1,15
008026 6,15
008029 16
008031 7
008032 3
008033 15,19
008036 12
008037 7
008040 13,15
008042 5,15,18
008043 15
008044 6,7
008048 15
008049 20
008051 3
008053 3,15
008057 7
008060 7
008061 5
008062 3
008063 9
008064 16
008067 20
008068 3
008069 13,15
008072 11,15
008075 12
008076 9,11,20
008079 7,12,15
008082 15,16
008083 15,18
008084 3
008085 3
008086 15,19
008087 7
008091 4,15
008093 7
008095 19
008096 2,15
008098 6,7
008100 8
008101 1
008103 15,18
008105 7,15
008106 9,16
008107 1
008108 7,14,15
008112 4
008115 12
008116 17
008117 3
008121 20
008122 9,11,15
008125 6,15
008127 11,15,16
008130 15
008132 1,15
008137 5
008138 3
008139 5,15
008140 16
008141 5,9
008142 13,15
008144 9
008150 17
008151 9,18
008159 11
008160 7,15
008163 4,15
008164 5,15
008166 4
008168 3
008169 7,8
008171 9,11,15,16
008173 19
008174 7
008175 15
008177 15,20
008180 2,15
008186 12
008188 7,15
008189 10
008190 2,9,15
008191 13
008197 7
008199 9,15,16
008200 3
008202 10
008203 18
008204 5,15
008208 10
008209 13,15
008211 15
008213 5,9
008216 9,11,15,16
008218 15
008220 15,19
008222 12
008223 17
008224 15
008225 7,15
008226 3
008229 8,11
008232 7,15
008235 19
008236 1
008241 14,15
008244 19
008248 13,15
008250 14
008251 4
008252 1
008253 2,15
008254 8
008258 8
008260 12
008261 4,15
008262 6
008263 15,19
008268 7
008269 8
008272 12,15
008275 1
008279 7,13,15
008280 1
008281 15
008282 18,20
008284 9,12,15
008285 15,20
008292 17
008293 6,15
008294 7,14,15
008295 19
008296 7
008297 3
008299 10
008300 1
008301 15
008302 15,20
008306 4
008307 13,15
008310 1
008311 13
008312 14,15
008313 2,15
008315 6,7,14,15
008316 19
008317 3
008318 16
008319 5
008320 13
008322 12
008323 18
008326 1
008327 15
008329 7
008332 12,15
008335 19
008336 7
008338 6
008341 9,15,18
008342 10,17
008345 10
008346 12
008349 17
008351 19
008355 8
008359 7
008360 6,7
008364 19
008365 18,20
008368 15
008370 3
008372 1
008374 15,20
008376 7,15
008381 15
008384 3
008385 9,11,15
008386 9,20
008387 6,15
008388 7
008390 9,15
008391 7,15
008397 6,7,15
008398 15
008403 8
008409 18
008410 15
008413 9,15
008415 12
008416 12
008422 20
008423 3
008424 16
008425 12
008426 3
008427 13
008429 7
008430 15
008433 2,15
008434 19
008437 13,15
008438 3
008442 8
008443 3
008444 7,14,15
008445 19
008449 4,7,15
008450 1
008452 15,18
008453 8,9,15
008454 4
008456 4
008461 7
008462 9,20
008465 16
008466 7
008467 12,15
008468 9,18
008470 11,15
008472 1
008475 10,15
008477 12
008478 2,7
008482 7,15
008483 7
008484 7
008485 8,15
008492 19
008494 6
008495 1
008498 4
008499 18
008502 7
008503 6,7
008506 19
008509 12,13,15
008512 12
008513 15
008514 2,15
008517 7
008518 12
008519 3
008521 8
008522 1
008523 1
008524 7,13
008526 13,15
008529 11,15
008530 12
008533 8
008534 8
008535 12,14
008536 16
008541 15
008542 8,9
008549 7,16
008550 7,15
008553 19
008556 9
008557 16,18,20
008558 12
008559 15
008562 6,7,14,15
008564 13
008568 4
008572 7
008573 15,18
008576 15
008581 7
008582 9,15
008584 4
008585 15
008586 7
008587 15,16
008588 3
008592 5,15,17
008595 14
008596 13,15
008601 7
008602 15,18
008604 4,15
008606 12
008607 10
008608 11
008610 13
008612 13,15
008615 10
008617 15
008618 15,17
008620 12
008621 19
008624 9
008628 9,15
008633 2,7
008635 3
008636 10
008638 15,19
008639 12
008644 15
008645 4
008647 15
008653 13
008654 3
008655 9,11,12,16,20
008663 7,15
008665 7,18
008667 1
008670 3
008676 7,14,15
008680 6,7
008683 1
008687 12
008688 16
008690 15
008691 19
008692 1,15
008695 14
008698 15
008699 13,15
008701 15
008702 2,6,15
008706 7,10
008709 20
008710 19
008713 18
008716 7
008717 9,11
008718 15,19
008720 8
008722 10
008723 1
008725 4
008727 7
008728 12,15
008730 4
008731 13,15
008732 3
008733 9,11
008738 12,15
008739 7,15
008741 2
008742 14,15
008744 13,15
008747 6,7
008748 15
008749 16
008750 7
008752 14,15
008753 3
008755 3
008756 8
008757 2
008759 2
008760 9,18
008764 3
008766 15,19
008768 7,15
008769 15
008770 1
008771 6,15
008772 8
008773 3
008775 15
008776 3
008783 9,11
008784 7
008790 19
008793 6
008794 7,15
008796 3
008799 1
008801 7,14,15
008805 13,15
008806 16
008809 8
008810 14,15
008811 2
008813 3,15
008814 9,11
008815 8
008817 14,15
008819 12
008822 12
008823 18
008826 7
008831 2
008833 15
008835 16
008836 15
008837 20
008838 6
008840 12
008841 5,12
008843 7
008847 1
008848 6,7
008849 12,18
008854 8
008856 8
008858 3
008859 7
008862 13,15
008865 15,18
008867 13,15
008871 17
008872 15
008873 1
008874 9,18,20
008876 13,15
008878 19
008879 15
008880 8
008883 6
008884 4,15
008885 8
008886 13,15
008888 9,20
008890 12
008891 7,15
008892 7,15
008900 4,12,15
008905 1
008909 7
008911 6,7,15
008913 20
008914 13
008917 8
008919 13
008920 15,17
008921 15
008923 7
008926 3
008927 10
008929 7
008930 8
008931 5,15
008932 11,15
008933 8,16
008936 9
008939 7
008940 1
008942 17
008943 3,15
008944 15
008948 9,20
008951 12
008953 5,15
008955 20
008958 7
008960 15
008961 9,15
008962 5
008965 15
008966 6
008967 5
008968 7
008969 7
008970 16,20
008971 1
008973 10
008975 9,15,18
008976 8
008978 7
008979 14,15
008980 12
008982 5,20
008983 11,15
008985 3
008987 16,18
008988 19
008989 5
008995 2
008997 9,11,16
008999 4
009000 7,12,15
009002 19
009004 14
009005 2,15
009006 7
009007 14
009015 6,7
009016 5
009018 3
009019 12
009020 13,15
009022 12,15
009024 13,15
009027 5
009029 7
009032 16,20
009034 14,15
009035 8
009036 2,15
009037 6
009039 1
009042 12
009045 7,15
009048 8,9
009049 14,15
009051 9,18,20
009053 7
009058 7
009059 6
009060 7
009063 1
009064 7,15
009066 12
009068 9,15,16
009072 9
009073 6,7,15
009078 7,15,16
009079 15
009080 3
009085 1
009086 19
009087 8,15,16
009089 15
009091 15
009094 20
009098 8
009099 3
009100 5
009105 6
009106 7
009108 5
009112 12
009113 10
009114 13,15
009116 7
009117 12
009121 7
009123 9,11,15,16
009126 6
009128 15
009129 18
009131 4
009133 10
009136 15
009138 13
009141 15
009144 3
009147 8
009148 13
009150 3
009151 9
009153 15
009155 20
009157 11
009159 9
009160 14,15
009161 6,15
009162 9
009163 6,7
009166 3
009168 12
009173 20
009174 6,7
009175 8,16
009177 4
009178 7
009179 7
009180 14,15
009181 16
009184 15
009185 12
009186 7
009187 19
009189 10
009191 14
009192 20
009193 15,18
009194 16
009195 12
009196 20
009197 12,15
009200 9,20
009202 13,15
009205 7
009208 13,15
009209 14,15
009212 12
009213 7
009214 2,7,15
009215 16
009218 19
009221 8
009224 15
009227 12,17
009230 14,15
009236 13,15
009238 15
009239 15
009242 5,15,18
009244 8
009245 10
009246 3
009247 11
009249 9,20
009250 2
009251 13,15
009252 16,18
009254 7,19
009255 13
009259 14,15
009268 12
009269 7
009270 3
009271 17
009272 1
009273 11,15
009278 2
009279 9,16,20
009281 2
009282 7
009283 6,7,15
009285 8
009286 7,15
009287 14,15
009288 15
009289 19
009290 5,9,15,18
009291 14,15
009295 2,15,20
009296 15
009299 5,11,15
009303 15
009306 8,15
009307 1
009308 10
009309 3
009312 14,15
009315 6
009316 15
009318 7,13,15
009323 3
009324 3
009325 20
009326 7
009327 12,15
009330 15
009331 12,13,15
009333 12,20
009334 2
009336 7,15
009337 13
009339 2,9
009342 8,15,16
009343 9,15
009347 4
009348 1
009349 15,17
009350 7
009351 1
009354 19
009358 6,7
009359 9,18
009362 15
009365 1
009368 7,15
009371 1
009373 20
009374 9,15
009375 5,15
009377 15,19
009378 8
009382 14,15
009386 6
009388 5,9,20
009389 19
009392 6,7
009393 2,14,15
009394 1,15
009398 8
009401 19
009405 12
009406 7
009407 13,15
009408 1
009409 6,7
009410 15
009411 7,15
009412 6,15
009413 9,11,15
009414 15,18
009417 17
009418 12,15
009419 16
009420 11,15
009421 15,18
009422 3
009424 7,15
009429 10
009432 1
009433 15,19
009434 7,15
009437 9,11,15
009438 13
009439 3
009440 15
009443 16
009445 20
009446 20
009448 7,15
009454 9,20
009455 8
009456 2,15
009457 14
009458 5
009459 3
009460 15
009461 1
009463 10
009464 8
009465 13
009466 9
009468 13,15
009469 7,15
009470 8,18
009472 1
009476 1
009477 7,15
009479 8,15,18
009480 1
009481 5,9,15
009484 20
009488 3
009490 15
009491 16,18
009494 14,15
009496 15
009497 5,15
009499 15
009500 15
009502 12
009504 14,15
009507 7
009508 19
009512 13,15
009515 7
009516 8
009517 7,15
009518 12,15
009519 16
009520 9,15
009523 1
009524 15
009526 9,11,15
009527 4
009528 8
009531 15
009532 7,15
009533 4
009537 15,19
009540 14
009541 9,15
009542 15
009543 9,12
009545 10
009546 15,18
009549 8
009550 9
009551 15
009557 2,15
009558 7,15
009560 8
009562 12
009565 15,18
009566 3
009567 15,18
009568 2,15
009571 1
009573 14,15
009576 20
009577 11,15
009579 15
009580 19
009584 8
009585 5,15
009586 10
009587 12
009588 19
009591 14,15
009596 7,14,15
009597 19
009598 3
009600 2,15
009603 4,15
009605 12
009609 3
009611 15,20
009613 9,15
009614 7,15
009615 1
009617 9,15
009618 2,15
009619 12
009620 1,7
009621 3
009623 7
009627 6
009629 1
009634 16
009636 2
009637 19
009638 9,11,15,16
009641 7,15
009644 7
009647 5,9,15,16
009649 9,15
009650 10
009654 15
009655 15
009656 2,15,20
009658 8
009659 9,15
009664 5
009666 5,15
009667 2
009668 12,15
009670 8
009671 7,15
009676 7,15
009678 6
009679 5
009681 1
009684 15
009685 6
009686 16
009687 5,15
009691 14,15
009692 3
009693 15
009695 19
009698 13,15
009699 7
009700 17
009702 1
009703 2,15
009706 11
009707 8
009709 5
009710 10
009711 7,15
009712 15
009713 9,12,15
009717 4,10,15
009718 7,19
009719 13
009721 9,15
009724 8
009726 5,11,15
009729 7
009732 13,15
009733 7
009734 6,15
009735 9
009737 18
009738 15
009743 8
009745 7
009746 9,20
009747 2,15
009748 12
009749 3
009754 15
009755 15,18
009756 14,15
009758 9,11
009761 2
009762 6,15
009763 8,12
009764 6
009767 13,15
009772 8
009773 9,15
009774 7
009776 7,14,15
009778 19
009780 12,15
009781 14,15
009785 7
009789 15
009790 19
009792 9,15
009794 8
009796 15
009797 12
009800 3,15
009801 7
009805 8
009807 13
009808 13
009809 15
009810 7
009813 15
009816 17
009819 8,9
009822 7,14,15
009823 12
009825 9
009828 9,15
009830 7
009831 19
009832 6
009833 9
009834 7
009836 4
009839 7
009841 13,15
009842 17
009845 6,7,15
009848 2,7,15
009851 13,15
009852 8
009855 19
009858 1
009859 15
009860 19
009862 7
009863 7
009865 10
009867 20
009868 15
009869 15
009870 12
009872 9
009874 13,15
009877 15
009878 5,15,16,18
009879 7,15
009880 15
009881 15,20
009882 15,20
009884 16
009886 8
009887 16
009894 19
009896 8
009897 10
009898 7
009900 7,15
009902 5,15
009904 7
009905 1
009908 3,10
009911 1
009913 7
009917 5,15
009918 12,15
009920 7
009923 8
009926 2,15
009932 7
009935 9,15,20
009938 7,14
009939 18
009940 3
009942 15
009944 14,15
009945 17
009946 15,19
009947 4
009949 9,15,18
009950 15,19
009954 13,15
009955 4
009958 2,15
009959 7
009961 12
