5 1
7 1
9 0
12 0
16 1
17 0
19 1
20 0
21 1
23 1
24 0
26 0
30 1
32 1
33 1
34 0
35 0
36 0
39 1
41 0
42 0
44 1
46 0
47 1
48 1
50 1
51 0
52 0
60 0
61 0
63 0
64 0
65 0
66 0
72 0
73 0
77 0
78 1
81 0
83 0
89 1
91 0
93 1
95 1
99 0
101 0
102 1
104 1
107 1
109 1
110 0
112 0
113 1
117 1
118 1
120 1
121 0
122 1
123 0
125 1
129 1
130 1
131 1
132 1
133 0
134 0
138 1
140 0
141 1
142 1
143 1
146 0
147 1
150 0
153 0
154 1
156 0
158 1
159 0
161 1
162 0
163 0
164 0
165 0
169 1
170 1
171 1
173 0
174 0
177 1
180 0
184 0
187 0
189 0
190 0
192 0
193 0
194 0
198 1
200 0
203 0
207 1
208 1
209 1
210 0
211 1
214 0
215 0
218 0
219 0
220 1
221 1
222 0
224 1
225 0
228 0
229 1
232 1
233 1
235 0
236 0
241 1
242 1
244 0
245 0
246 1
249 1
250 0
251 0
256 1
257 0
259 0
262 1
263 1
266 0
268 0
269 0
270 0
275 1
276 0
278 0
282 1
285 1
288 1
289 0
294 0
296 1
298 1
302 0
303 0
304 0
305 1
306 1
307 1
308 1
311 0
312 1
317 0
318 0
320 0
321 0
322 1
323 0
325 0
328 0
329 1
331 0
332 1
334 0
336 0
337 0
338 0
340 1
343 1
344 0
347 1
349 0
352 0
354 0
355 1
359 1
363 1
367 0
370 0
372 1
373 0
374 0
379 1
380 1
381 1
382 0
387 0
391 0
394 1
395 0
396 0
400 1
403 1
404 0
406 0
407 1
408 0
411 1
416 0
417 1
419 1
420 1
424 0
427 0
428 0
430 0
431 0
433 1
435 0
438 0
439 0
443 0
446 1
448 1
450 0
454 0
459 1
460 1
461 0
462 1
463 0
464 1
468 1
469 0
470 1
474 0
476 1
477 0
480 0
482 0
483 1
484 0
486 0
489 1
491 1
492 1
494 0
496 0
498 0
499 0
500 1
501 0
503 0
508 0
509 1
513 0
514 0
515 0
516 0
518 0
519 0
520 0
522 0
523 0
524 1
525 0
526 0
528 0
530 1
531 0
535 1
537 0
540 1
541 0
543 0
544 1
545 0
549 1
550 0
552 0
554 0
555 1
559 1
563 1
564 1
565 0
577 1
579 0
581 0
582 1
583 0
588 1
589 0
590 1
591 0
592 1
597 0
598 1
599 0
601 1
605 0
608 1
609 0
610 1
612 1
613 1
619 0
620 0
622 0
625 1
626 0
628 0
632 1
633 1
635 0
637 1
645 0
647 0
648 0
653 0
654 0
656 1
657 1
660 1
661 0
663 1
667 0
671 0
672 0
675 0
676 1
677 1
680 1
682 0
684 1
685 0
686 1
688 0
689 0
690 0
694 0
695 1
699 0
700 1
702 0
705 0
707 0
709 0
710 0
711 0
712 0
713 1
714 0
717 0
720 0
726 0
728 1
729 1
730 0
731 0
733 0
738 1
739 1
740 0
742 0
746 1
748 0
750 0
752 0
753 1
754 0
755 0
756 1
760 0
761 0
763 1
764 0
767 1
768 0
770 0
771 0
772 0
774 0
776 0
777 0
780 1
782 0
786 0
787 0
791 1
793 0
794 0
796 0
797 0
799 0
800 0
802 0
804 1
805 0
806 0
808 0
810 1
812 0
814 1
815 0
816 0
818 0
820 1
822 0
823 0
826 0
827 0
828 0
829 0
830 1
831 0
832 0
834 0
842 1
843 0
845 1
847 0
848 0
849 1
850 0
851 0
854 0
855 0
857 1
859 1
860 0
862 0
863 0
865 0
867 0
868 0
871 1
872 0
874 1
876 0
878 1
879 0
880 0
882 0
885 0
887 1
888 0
889 1
892 0
895 1
896 0
898 1
899 0
900 0
902 0
903 1
904 0
906 1
908 0
911 1
912 1
915 0
917 0
918 1
919 0
920 1
921 1
923 1
926 1
929 1
931 0
934 0
935 1
936 1
937 0
943 1
946 0
947 0
948 1
949 1
950 0
951 1
954 0
958 0
962 0
964 1
965 1
966 0
967 0
971 0
972 0
973 1
977 0
980 0
982 0
987 0
989 0
991 1
993 0
996 0
997 0
999 0
1001 1
1002 0
1004 1
1008 0
1009 0
1010 0
1011 1
1012 0
1014 0
1015 1
1017 0
1018 1
1024 0
1027 0
1028 1
1036 0
1041 0
1042 1
1043 0
1045 0
1050 0
1052 0
1053 0
1056 0
1057 1
1060 1
1061 0
1062 0
1064 1
1066 0
1068 1
1069 0
1071 1
1072 0
1073 0
1074 1
1077 1
1078 1
1079 0
1082 0
1083 1
1084 0
1091 0
1092 0
1093 0
1097 0
1101 0
1102 1
1104 1
1106 0
1107 0
1109 0
1110 0
1112 0
1113 1
1119 1
1121 0
1124 0
1125 0
1127 1
1129 0
1130 0
1136 0
1137 0
1140 1
1142 0
1143 0
1144 1
1145 0
1147 0
1148 1
1149 0
1151 1
1152 1
1154 1
1156 0
1158 0
1160 0
1161 0
1164 1
1166 0
1168 1
1170 1
1171 1
1172 1
1174 1
1175 0
1176 1
1182 0
1184 0
1185 0
1186 1
1187 1
1191 0
1192 0
1194 1
1199 1
1200 0
1201 1
1203 0
1204 0
1205 1
1206 0
1207 0
1209 1
1211 0
1212 1
1214 1
1215 0
1221 0
1224 0
1225 1
1226 0
1229 0
1230 1
1231 1
1233 0
1234 1
1236 0
1237 0
1239 1
1240 0
1241 0
1247 0
1248 0
1250 0
1254 0
1258 0
1259 0
1260 0
1263 0
1265 1
1266 0
1268 0
1269 0
1270 1
1272 0
1273 0
1274 0
1277 0
1279 1
1281 1
1284 1
1286 0
1287 0
1288 1
1289 1
1290 1
1292 0
1293 1
1294 0
1298 0
1299 1
1304 0
1309 0
1310 0
1311 1
1312 0
1314 1
1315 0
1316 0
1323 0
1324 1
1325 0
1326 1
1327 0
1330 1
1332 0
1333 0
1334 1
1337 0
1341 0
1343 0
1345 0
1346 0
1348 1
1350 0
1352 1
1360 1
1361 1
1362 0
1364 0
1365 0
1371 1
1375 1
1378 1
1383 0
1384 0
1385 0
1386 1
1387 1
1388 1
1390 0
1393 1
1395 0
1397 1
1400 1
1402 1
1404 1
1405 0
1406 1
1408 0
1409 1
1413 1
1414 0
1418 0
1420 0
1421 1
1426 0
1427 1
1430 0
1432 0
1434 1
1436 0
1439 0
1441 0
1442 1
1443 1
1444 1
1445 1
1450 0
1451 0
1453 1
1455 0
1457 1
1460 0
1463 1
1464 1
1465 0
1466 1
1467 0
1468 0
1470 0
1472 1
1475 1
1479 1
1480 0
1481 0
1483 0
1484 0
1485 1
1486 0
1488 1
1490 0
1492 1
1493 0
1494 0
1497 0
1498 1
1499 0
1501 0
1504 0
1509 0
1510 1
1512 1
1514 0
1515 1
1517 1
1521 1
1522 0
1523 0
1524 1
1526 1
1528 0
1529 1
1531 0
1532 0
1536 0
1537 1
1539 0
1541 1
1543 1
1544 1
1545 1
1548 0
1553 1
1554 1
1555 0
1556 1
1557 1
1559 1
1561 0
1563 0
1565 1
1571 1
1576 0
1577 1
1579 0
1580 0
1582 0
1586 1
1588 1
1590 1
1593 0
1594 0
1595 1
1597 0
1598 0
1603 1
1604 0
1607 1
1608 0
1610 0
1611 0
1612 1
1614 1
1617 1
1618 0
1622 0
1627 1
1628 0
1630 1
1632 0
1633 1
1636 0
1638 0
1640 0
1642 1
1643 0
1647 0
1649 0
1650 0
1651 1
1653 0
1654 0
1661 0
1662 0
1669 0
1673 0
1675 0
1676 1
1677 0
1678 0
1680 1
1682 0
1683 1
1684 1
1685 1
1686 0
1688 1
1689 0
1690 0
1691 0
1693 1
1699 1
1707 0
1708 0
1711 0
1713 0
1714 1
1717 0
1718 0
1721 0
1723 0
1724 0
1725 0
1726 0
1727 1
1729 0
1730 0
1732 0
1733 0
1734 0
1738 1
1739 1
1741 1
1746 0
1747 0
1749 0
1750 1
1752 0
1754 0
1755 1
1756 0
1758 0
1759 0
1761 0
1765 1
1766 1
1768 0
1771 1
1772 1
1775 1
1777 0
1778 1
1780 0
1782 1
1784 0
1785 0
1787 0
1789 0
1793 0
1795 1
1797 0
1799 0
1800 0
1801 0
1806 0
1807 0
1809 0
1810 1
1816 1
1818 0
1821 0
1825 0
1827 0
1828 1
1830 1
1832 0
1833 1
1834 0
1836 0
1837 0
1840 0
1841 0
1842 0
1843 0
1845 1
1847 0
1849 0
1853 1
1854 1
1855 0
1858 0
1860 0
1861 0
1862 0
1864 0
1870 0
1872 0
1875 0
1877 1
1878 0
1881 1
1882 1
1887 0
1888 0
1892 1
1894 1
1896 0
1898 1
1899 0
1901 0
1902 1
1903 0
1904 0
1906 0
1907 0
1911 1
1915 1
1918 1
1920 1
1922 0
1927 0
1928 0
1930 1
1931 1
1932 0
1933 1
1934 1
1936 0
1937 1
1938 0
1940 1
1941 0
1944 0
1945 0
1948 0
1950 1
1952 1
1954 1
1958 1
1960 0
1962 1
1963 1
1964 1
1970 1
1971 0
1972 1
1976 1
1977 1
1978 0
1980 1
1981 0
1982 1
1985 0
1989 1
1995 0
1999 0
2000 0
2001 0
2002 1
2004 1
2006 0
2011 1
2012 1
2015 0
2019 1
2020 0
2021 0
2022 0
2023 1
2024 0
2025 1
2027 1
2030 0
2034 1
2036 0
2037 1
2039 1
2042 1
2043 0
2045 0
2047 1
2049 1
2051 0
2054 0
2055 0
2056 0
2058 1
2061 0
2063 0
2064 0
2067 0
2068 1
2069 0
2070 0
2082 0
2083 0
2086 0
2088 1
2090 0
2091 0
2094 0
2095 0
2096 1
2098 0
2099 1
2101 1
2102 0
2104 1
2108 0
2109 0
2112 1
2114 0
2116 0
2117 0
2120 0
2124 1
2125 0
2126 0
2129 0
2132 1
2134 0
2135 0
2136 1
2139 1
2140 1
2142 0
2145 0
2146 0
2151 0
2152 0
2153 0
2155 0
2156 0
2158 1
2163 0
2165 0
2166 1
2169 1
2170 1
2171 0
2172 0
2174 0
2176 1
2178 1
2179 0
2180 0
2181 1
2182 0
2183 0
2184 0
2186 0
2187 0
2190 1
2191 1
2192 0
2193 1
2194 1
2196 0
2197 0
2199 0
2201 0
2202 0
2208 1
2209 0
2212 0
2213 1
2214 0
2215 1
2218 1
2219 0
2220 0
2221 0
2224 0
2226 0
2228 0
2233 1
2234 0
2237 0
2238 0
2241 1
2244 1
2247 1
2248 1
2249 0
2251 0
2253 0
2255 1
2256 0
2257 1
2259 0
2260 0
2261 0
2263 0
2265 1
2266 1
2267 0
2268 1
2270 1
2272 0
2273 1
2276 0
2277 1
2278 0
2279 1
2280 0
2281 0
2284 1
2285 1
2287 1
2288 1
2290 0
2291 1
2293 0
2300 1
2302 1
2305 1
2306 0
2307 1
2308 0
2310 1
2311 1
2315 1
2318 1
2320 1
2321 0
2323 0
2324 1
2328 0
2329 0
2330 0
2332 0
2333 1
2334 0
2335 0
2337 0
2340 1
2342 1
2343 0
2345 0
2347 0
2348 1
2350 0
2352 1
2354 0
2355 1
2359 0
2361 1
2362 1
2364 0
2366 1
2367 0
2368 0
2369 1
2371 1
2372 1
2373 0
2374 0
2375 0
2376 1
2377 0
2378 1
2382 0
2384 1
2385 1
2387 0
2391 1
2392 0
2393 0
2401 0
2403 1
2404 0
2405 0
2407 0
2410 1
2411 0
2413 0
2415 0
2417 1
2419 0
2420 1
2423 0
2425 0
2427 0
2433 0
2435 1
2436 1
2437 1
2439 1
2441 0
2442 1
2443 1
2444 0
2445 0
2448 1
2450 0
2452 0
2454 0
2456 1
2458 1
2459 0
2460 0
2461 0
2462 1
2465 0
2466 0
2468 0
2470 0
2471 0
2472 1
2476 0
2477 1
2478 1
2479 1
2480 0
2481 0
2483 0
2490 0
2491 1
2492 0
2493 0
2494 0
2496 1
2497 0
2500 1
2501 1
2502 0
2504 0
2505 1
2508 0
2512 1
2513 0
2514 0
2518 1
2519 1
2520 0
2523 0
2524 1
2525 1
2529 1
2533 1
2534 0
2537 0
2539 0
2540 0
2542 0
2544 0
2545 0
2546 0
2547 0
2549 0
2554 0
2555 0
2558 0
2559 0
2561 0
2563 0
2564 1
2565 0
2566 0
2567 0
2569 1
2571 0
2572 0
2578 1
2579 0
2584 0
2585 0
2586 1
2589 0
2590 0
2593 0
2594 0
2595 1
2598 0
2599 0
2600 1
2603 1
2605 0
2606 1
2609 1
2611 0
2613 0
2615 1
2618 1
2621 0
2625 0
2627 0
2632 0
2633 0
2634 0
2635 0
2636 0
2637 0
2641 0
2643 1
2645 1
2646 1
2647 0
2648 1
2649 1
2653 0
2657 1
2658 1
2659 0
2662 0
2664 0
2666 0
2667 0
2668 1
2669 0
2670 1
2675 1
2677 1
2678 1
2680 1
2682 0
2683 0
2684 1
2689 1
2690 0
2691 1
2693 0
2695 1
2696 0
2697 0
2699 1
2702 0
2704 1
2706 0
2709 0
2710 1
2713 1
2714 1
2715 0
2717 1
2718 0
2721 0
2722 1
2723 0
2727 0
2730 0
2732 0
2734 0
2735 0
2737 0
2738 0
2741 1
2744 0
2745 1
2747 0
2749 1
2751 0
2755 1
2757 0
2759 1
2760 0
2762 0
2763 0
2765 0
2766 0
2767 0
2772 0
2774 0
2775 0
2776 1
2778 0
2779 1
2782 0
2783 0
2784 0
2785 1
2786 1
2791 1
2794 0
2795 0
2796 0
2798 0
2800 1
2801 0
2803 0
2804 0
2807 0
2810 0
2812 1
2815 0
2816 0
2817 1
2820 0
2826 0
2827 0
2833 0
2834 1
2835 1
2836 0
2838 0
2841 0
2842 1
2844 0
2845 0
2847 0
2848 0
2854 0
2855 1
2858 0
2859 1
2864 0
2866 0
2867 0
2868 1
2869 1
2870 1
2873 0
2875 1
2879 1
2880 1
2881 0
2884 0
2886 1
2889 1
2891 0
2893 0
2896 0
2899 0
2901 1
2906 0
2910 0
2912 1
2913 0
2914 0
2915 0
2916 1
2917 0
2919 0
2924 0
2931 1
2932 0
2933 0
2934 0
2935 1
2937 1
2938 0
2939 0
2940 0
2941 0
2942 0
2943 0
2944 1
2946 0
2947 1
2952 0
2953 0
2954 0
2956 0
2957 1
2958 0
2960 0
2962 1
2963 0
2965 1
2966 0
2967 0
2969 0
2975 0
2976 0
2977 1
2978 0
2984 1
2986 1
2987 1
2988 0
2989 1
2990 1
2992 1
2994 0
2995 1
3000 1
3002 0
3003 0
3004 1
3005 0
3007 0
3008 1
3009 0
3011 0
3013 0
3015 0
3017 1
3021 0
3023 1
3024 0
3027 0
3028 0
3031 0
3032 1
3034 0
3038 0
3039 0
3042 0
3044 1
3045 0
3047 0
3051 1
3053 1
3054 1
3056 0
3057 0
3058 0
3061 1
3063 0
3064 0
3065 0
3066 0
3072 0
3074 0
3077 1
3078 1
3082 0
3083 1
3085 1
3086 0
3088 0
3089 1
3090 1
3092 0
3093 1
3094 1
3098 0
3100 1
3102 0
3103 1
3105 0
3106 0
3107 1
3108 0
3110 0
3112 1
3116 0
3117 1
3118 0
3120 0
3121 1
3122 0
3124 0
3126 0
3127 1
3129 1
3133 0
3134 0
3135 1
3137 0
3138 0
3140 0
3142 1
3145 0
3146 1
3147 0
3149 0
3150 0
3154 1
3155 0
3157 0
3159 0
3161 0
3162 0
3163 0
3164 0
3165 1
3169 1
3170 0
3175 0
3176 1
3177 1
3178 1
3181 0
3183 1
3184 0
3185 1
3186 0
3188 1
3189 1
3194 1
3195 1
3199 0
3200 1
3202 0
3204 0
3205 0
3207 0
3210 0
3211 0
3213 0
3214 0
3216 0
3218 0
3219 1
3223 1
3228 1
3229 0
3231 0
3233 0
3236 1
3239 0
3240 1
3242 0
3243 0
3244 0
3247 0
3250 1
3253 0
3254 1
3255 0
3256 0
3258 0
3259 0
3260 1
3261 0
3262 0
3269 0
3270 0
3271 1
3272 0
3273 0
3274 0
3279 0
3280 0
3282 0
3284 0
3285 0
3290 1
3292 0
3293 0
3294 0
3296 0
3299 0
3300 1
3301 1
3303 1
3307 0
3308 0
3311 0
3313 0
3316 1
3320 1
3325 1
3327 1
3330 0
3331 0
3335 0
3336 0
3337 0
3338 0
3339 0
3343 0
3344 1
3349 0
3350 0
3351 0
3354 0
3355 1
3356 0
3359 0
3360 1
3362 1
3363 1
3365 0
3367 0
3369 0
3370 1
3373 0
3374 1
3376 0
3377 1
3379 1
3380 1
3382 1
3386 0
3390 0
3391 0
3392 1
3395 1
3396 0
3397 1
3398 0
3401 0
3403 1
3404 0
3406 1
3407 1
3408 0
3410 1
3412 1
3413 0
3415 0
3416 1
3417 1
3419 1
3420 0
3421 0
3422 0
3424 0
3425 0
3429 0
3430 1
3433 0
3435 0
3436 0
3439 1
3441 1
3443 0
3444 1
3449 1
3450 0
3451 0
3452 1
3453 1
3455 0
3458 0
3461 0
3462 0
3464 1
3465 0
3466 1
3468 1
3469 0
3470 0
3477 0
3484 0
3487 0
3489 1
3491 0
3492 1
3493 1
3496 0
3497 1
3499 0
3500 0
3506 1
3508 0
3509 0
3510 0
3511 0
3516 1
3518 1
3519 1
3521 0
3522 1
3524 0
3525 1
3528 0
3529 1
3530 1
3536 1
3537 0
3539 1
3546 0
3548 0
3549 1
3550 1
3551 1
3554 0
3555 0
3556 0
3564 0
3565 1
3566 0
3567 1
3575 1
3576 0
3577 0
3580 0
3585 0
3586 0
3587 1
3588 0
3589 1
3593 0
3594 0
3596 1
3597 0
3599 0
3603 0
3604 0
3605 0
3606 0
3608 1
3609 1
3611 0
3614 1
3618 1
3620 1
3621 1
3622 0
3623 0
3625 0
3627 0
3628 0
3629 0
3632 1
3634 1
3635 0
3636 1
3638 1
3639 1
3640 0
3642 1
3644 1
3645 1
3646 0
3648 0
3651 1
3654 1
3655 0
3656 1
3657 0
3658 0
3660 1
3662 1
3663 0
3664 0
3667 1
3669 0
3671 1
3673 1
3674 1
3675 0
3678 1
3679 1
3681 1
3684 0
3685 1
3688 1
3690 0
3691 0
3694 0
3695 1
3696 0
3698 0
3699 0
3700 0
3703 1
3704 1
3705 0
3706 0
3708 0
3709 0
3711 0
3713 1
3714 1
3717 0
3721 0
3722 1
3727 0
3729 1
3732 1
3735 1
3740 0
3743 0
3748 0
3749 1
3750 1
3751 1
3752 0
3753 0
3754 0
3758 0
3759 0
3760 1
3763 1
3767 0
3772 1
3773 0
3774 1
3779 0
3780 0
3781 1
3783 0
3784 1
3786 0
3788 1
3790 0
3791 1
3792 1
3793 0
3796 0
3797 1
3798 1
3803 1
3806 1
3807 1
3808 0
3809 0
3811 1
3814 0
3817 0
3818 1
3820 0
3821 1
3824 1
3826 1
3827 0
3828 1
3830 0
3834 0
3835 1
3837 1
3838 1
3844 1
3845 0
3846 0
3847 0
3848 0
3849 0
3855 0
3856 0
3857 1
3859 1
3860 0
3861 1
3863 0
3865 0
3866 0
3868 1
3869 1
3871 0
3872 1
3874 0
3876 1
3877 0
3879 1
3885 0
3886 0
3887 1
3889 0
3890 1
3891 0
3895 0
3898 0
3899 1
3905 1
3907 1
3911 0
3912 1
3913 1
3915 0
3918 1
3919 1
3921 1
3923 1
3924 1
3926 1
3932 0
3935 1
3936 0
3937 0
3939 1
3941 1
3945 0
3946 1
3947 0
3948 0
3949 0
3953 0
3954 0
3956 1
3957 0
3960 0
3961 0
3963 0
3965 1
3966 1
3969 0
3970 1
3971 0
3973 1
3974 0
3979 0
3983 0
3984 1
3986 1
3987 0
3988 0
3990 0
3991 0
3992 0
3993 0
3994 0
3996 0
3997 1
3998 0
4003 1
4005 0
4008 1
4009 0
4010 0
4011 1
4012 0
4013 0
4014 1
4015 1
4016 0
4017 0
4019 0
4020 1
4023 0
4025 1
4028 0
4031 1
4033 1
4034 1
4035 1
4037 1
4039 1
4046 0
4047 0
4051 1
4052 1
4057 0
4058 0
4060 0
4066 0
4067 1
4069 0
4073 0
4075 1
4076 1
4077 1
4082 1
4085 1
4087 0
4089 1
4091 0
4092 1
4093 1
4095 0
4100 0
4102 1
4105 1
4106 1
4108 0
4110 0
4111 1
4113 0
4117 0
4120 0
4121 1
4122 1
4129 1
4131 0
4133 0
4135 0
4136 0
4137 0
4138 0
4140 1
4141 1
4142 0
4143 0
4145 0
4146 1
4148 0
4149 0
4150 0
4152 1
4158 1
4163 1
4164 1
4168 1
4169 0
4170 0
4171 0
4174 0
4178 0
4185 1
4186 0
4189 0
4190 0
4191 0
4192 0
4193 0
4194 1
4195 0
4196 0
4200 0
4201 0
4203 1
4204 0
4205 0
4209 1
4212 0
4215 0
4220 0
4221 0
4223 0
4224 1
4228 0
4229 0
4230 1
4231 0
4232 0
4237 0
4239 0
4241 0
4242 1
4244 0
4246 0
4247 0
4253 0
4255 1
4256 0
4257 0
4258 0
4259 0
4263 1
4264 0
4265 1
4269 0
4270 1
4271 1
4272 1
4273 0
4274 0
4275 0
4279 0
4280 0
4281 0
4283 0
4284 1
4286 1
4287 1
4291 0
4292 0
4293 0
4295 1
4296 0
4298 0
4300 1
4303 0
4304 1
4307 1
4310 0
4312 0
4315 0
4318 1
4321 0
4322 1
4323 0
4325 0
4326 1
4327 1
4329 1
4331 1
4333 1
4338 1
4339 0
4341 0
4345 0
4346 1
4347 1
4349 0
4351 1
4352 0
4354 1
4356 0
4359 0
4360 1
4361 1
4364 0
4365 0
4367 0
4368 0
4369 1
4370 1
4371 0
4372 0
4376 1
4379 1
4380 0
4384 1
4386 1
4387 0
4389 0
4390 1
4391 0
4392 1
4396 1
4397 0
4404 0
4405 0
4409 0
4411 1
4421 1
4423 0
4424 0
4429 0
4430 1
4432 0
4433 0
4434 1
4436 0
4437 1
4438 0
4439 0
4441 1
4446 1
4450 1
4452 1
4455 1
4457 0
4459 1
4463 1
4464 0
4466 0
4468 0
4470 0
4471 0
4474 1
4479 0
4481 0
4484 1
4487 0
4488 0
4490 1
4493 1
4494 1
4495 1
4496 1
4498 1
4499 0
4500 0
4502 1
4507 1
4508 0
4509 1
4510 0
4512 0
4514 0
4517 0
4518 0
4519 0
4520 0
4524 0
4526 0
4527 1
4528 0
4530 1
4532 1
4535 0
4537 0
4539 1
4540 1
4542 0
4544 1
4548 1
4549 0
4551 1
4552 0
4553 1
4555 1
4558 0
4562 0
4563 1
4565 0
4566 0
4570 0
4571 1
4574 0
4576 0
4579 1
4581 0
4584 1
4585 0
4587 1
4588 0
4591 1
4592 0
4595 1
4597 0
4600 1
4601 1
4604 0
4605 1
4606 0
4607 0
4609 0
4611 1
4612 1
4618 0
4622 0
4623 1
4625 1
4626 1
4627 0
4628 0
4630 0
4631 0
4632 1
4634 1
4636 0
4643 0
4644 0
4647 0
4648 0
4649 1
4651 0
4652 0
4653 0
4654 0
4655 1
4656 0
4660 0
4662 0
4671 0
4672 0
4673 0
4674 1
4675 0
4676 0
4679 0
4682 0
4683 1
4685 1
4686 1
4687 0
4689 1
4691 0
4692 0
4693 0
4694 0
4699 1
4701 0
4702 0
4705 0
4706 0
4707 0
4708 0
4710 0
4714 0
4715 0
4718 0
4719 0
4722 1
4723 0
4727 1
4732 1
4735 1
4737 1
4742 0
4743 0
4746 0
4747 0
4748 1
4750 0
4753 1
4754 0
4760 0
4761 0
4768 0
4770 1
4773 0
4776 1
4777 1
4779 1
4782 0
4783 0
4785 1
4786 1
4788 1
4789 0
4790 0
4792 1
4793 0
4794 0
4796 0
4797 0
4799 1
4801 0
4805 1
4808 0
4812 0
4814 0
4815 0
4816 0
4818 1
4823 1
4825 0
4826 0
4828 0
4830 0
4831 0
4832 0
4834 1
4836 0
4837 1
4839 0
4840 0
4841 1
4842 1
4846 0
4848 0
4849 1
4850 0
4852 0
4856 1
4857 0
4859 0
4863 0
4866 0
4867 1
4868 1
4869 0
4872 1
4873 1
4876 1
4878 0
4879 0
4882 1
4885 1
4886 0
4890 1
4895 0
4896 0
4897 0
4898 1
4902 0
4903 0
4905 0
4907 0
4910 1
4911 0
4912 1
4913 1
4916 1
4926 1
4928 0
4929 1
4931 0
4935 0
4936 0
4938 1
4939 0
4943 1
4946 1
4948 0
4950 1
4951 0
4953 0
4954 0
4955 1
4956 0
4958 0
4960 0
4961 0
4962 0
4963 0
4966 0
4967 1
4968 0
4972 1
4973 0
4974 1
4976 0
4977 0
4982 0
4983 0
4984 0
4985 0
4986 1
4987 0
4990 1
4991 0
4992 0
4994 0
4995 0
4997 1
4998 0
4999 0
5001 1
5003 0
5004 1
5006 1
5007 1
5014 0
5016 0
5018 1
5020 0
5023 1
5024 1
5026 0
5027 0
5028 0
5029 0
5032 1
5033 1
5036 1
5037 0
5039 1
5042 1
5045 0
5047 0
5052 0
5054 0
5055 0
5056 0
5057 0
5058 1
5061 0
5062 0
5063 0
5064 1
5065 0
5067 1
5068 0
5071 0
5072 0
5073 0
5077 0
5078 0
5079 1
5081 0
5084 1
5085 0
5086 0
5090 0
5093 1
5094 0
5097 0
5101 0
5102 1
5104 0
5107 1
5108 0
5110 0
5111 0
5114 0
5116 0
5121 1
5122 1
5124 0
5128 1
5129 0
5130 0
5131 1
5134 0
5135 0
5136 0
5138 0
5143 1
5144 0
5145 1
5146 1
5150 1
5153 1
5156 1
5159 0
5160 0
5161 1
5168 0
5169 0
5171 1
5173 1
5175 1
5176 0
5177 1
5179 0
5181 0
5183 1
5185 1
5186 0
5189 1
5190 0
5191 0
5195 1
5199 0
5202 0
5203 0
5208 1
5209 0
5210 1
5212 0
5214 0
5215 0
5217 0
5219 0
5220 0
5222 1
5223 1
5224 0
5229 0
5230 0
5231 0
5236 1
5239 0
5242 0
5244 1
5245 0
5246 0
5248 0
5253 1
5254 0
5257 0
5258 0
5259 0
5260 1
5262 0
5263 0
5264 0
5267 0
5268 0
5269 0
5270 1
5273 1
5274 0
5278 0
5281 0
5283 0
5285 1
5288 0
5290 0
5292 1
5293 0
5297 0
5298 0
5303 0
5304 0
5305 0
5306 1
5307 0
5310 1
5311 0
5312 1
5314 0
5315 0
5318 0
5319 0
5320 1
5325 0
5326 0
5327 0
5328 0
5331 0
5336 0
5337 0
5338 1
5340 1
5343 0
5344 1
5345 0
5346 1
5348 1
5349 0
5350 1
5351 1
5352 1
5355 1
5358 1
5360 1
5363 1
5365 0
5367 1
5368 0
5369 1
5370 0
5371 1
5373 1
5374 1
5378 0
5379 1
5380 1
5383 0
5384 0
5385 0
5387 1
5388 0
5389 0
5391 0
5393 1
5395 1
5396 1
5397 0
5398 0
5404 1
5405 0
5406 1
5407 0
5408 1
5410 1
5413 0
5414 0
5416 0
5417 1
5418 0
5419 0
5420 0
5421 0
5423 0
5424 0
5429 0
5430 0
5431 0
5433 1
5434 0
5436 0
5438 1
5439 1
5440 0
5441 1
5445 1
5448 1
5450 0
5451 1
5453 0
5454 1
5455 0
5457 0
5461 0
5465 1
5467 1
5469 1
5470 0
5471 1
5475 1
5478 1
5481 0
5483 1
5485 0
5486 1
5487 0
5489 0
5496 0
5497 0
5499 1
5507 0
5508 0
5509 0
5510 1
5511 1
5514 0
5515 0
5517 1
5518 0
5519 1
5521 1
5522 0
5524 0
5526 1
5527 1
5530 0
5531 0
5535 0
5536 0
5539 1
5541 0
5542 1
5544 1
5547 1
5549 0
5550 0
5552 0
5554 0
5559 0
5563 1
5566 0
5568 0
5573 1
5574 0
5576 0
5577 1
5579 1
5582 1
5583 0
5584 1
5585 1
5586 0
5588 1
5590 1
5591 1
5592 1
5593 1
5599 0
5600 1
5601 1
5603 0
5605 1
5606 0
5608 0
5609 0
5611 0
5613 0
5614 0
5615 1
5618 0
5620 0
5624 0
5625 1
5629 0
5630 0
5631 1
5636 1
5637 0
5639 0
5640 1
5641 0
5644 1
5645 0
5647 0
5648 1
5652 0
5653 1
5654 0
5655 0
5657 0
5658 1
5660 0
5662 1
5664 1
5668 1
5669 0
5672 0
5674 0
5676 0
5679 1
5680 0
5682 1
5685 1
5686 0
5687 1
5693 1
5695 0
5696 1
5697 1
5699 0
5700 0
5701 1
5702 0
5704 0
5705 1
5710 0
5713 1
5714 0
5715 1
5716 0
5718 1
5719 0
5723 0
5728 1
5729 0
5730 1
5731 0
5732 0
5735 0
5736 0
5738 0
5740 0
5741 1
5742 0
5743 0
5747 0
5749 0
5752 1
5755 0
5756 0
5757 0
5760 0
5761 0
5762 1
5764 0
5765 1
5768 0
5769 1
5773 0
5779 0
5780 1
5781 0
5782 0
5783 0
5784 1
5786 1
5788 0
5789 0
5790 0
5791 1
5794 0
5796 0
5799 1
5803 0
5805 1
5806 0
5811 0
5812 0
5813 0
5814 1
5815 0
5817 0
5818 0
5819 1
5821 0
5824 0
5825 1
5826 0
5828 0
5829 1
5830 1
5831 1
5836 0
5838 0
5839 0
5840 0
5841 0
5843 1
5845 0
5850 1
5851 1
5852 0
5853 0
5854 1
5856 0
5859 1
5860 1
5861 0
5863 0
5864 0
5867 0
5868 0
5873 0
5874 0
5875 0
5877 0
5878 0
5879 1
5881 1
5884 1
5885 0
5888 0
5889 1
5893 1
5894 1
5895 1
5897 0
5899 1
5901 0
5903 0
5905 0
5906 0
5908 0
5909 0
5910 0
5911 1
5912 1
5914 1
5917 0
5918 0
5919 0
5920 1
5923 0
5928 1
5930 1
5938 0
5940 0
5947 1
5948 0
5951 0
5952 1
5954 0
5956 0
5960 1
5961 0
5963 0
5964 0
5968 1
5970 0
5971 0
5975 1
5979 0
5980 0
5981 0
5983 1
5984 0
5985 1
5988 1
5989 0
5990 1
5991 0
5992 0
5995 1
5996 0
5998 1
6000 0
6001 1
6004 0
6005 0
6009 1
6011 0
6012 0
6018 0
6020 0
6023 0
6025 1
6026 1
6027 1
6028 0
6029 0
6030 1
6033 1
6035 0
6038 0
6041 0
6042 1
6043 1
6045 1
6046 0
6055 1
6058 1
6061 0
6062 1
6065 0
6066 0
6067 0
6069 1
6070 1
6071 0
6073 0
6074 1
6078 1
6079 1
6084 0
6088 0
6089 0
6091 0
6095 1
6096 1
6097 1
6098 1
6100 1
6103 1
6104 1
6105 0
6107 0
6108 0
6111 0
6117 1
6120 0
6123 0
6124 0
6125 1
6128 1
6129 0
6130 1
6131 0
6133 1
6134 0
6135 1
6136 1
6139 1
6140 1
6141 0
6146 0
6148 0
6150 1
6151 0
6153 1
6156 0
6158 1
6159 0
6161 0
6162 0
6163 1
6166 1
6170 0
6171 0
6172 0
6174 1
6175 0
6176 1
6177 1
6179 1
6180 1
6181 1
6183 0
6184 1
6185 1
6187 1
6188 0
6189 1
6190 1
6196 0
6198 1
6201 1
6202 0
6203 0
6206 0
6208 0
6209 1
6210 0
6212 1
6214 1
6215 0
6216 1
6218 0
6219 0
6220 0
6221 1
6222 0
6223 0
6224 1
6225 1
6229 0
6230 1
6233 1
6234 0
6235 0
6236 1
6238 1
6240 0
6241 1
6243 0
6247 0
6249 0
6250 0
6251 0
6252 0
6254 1
6258 0
6259 0
6260 0
6261 0
6262 1
6264 0
6267 1
6269 0
6270 0
6272 0
6275 0
6276 0
6277 0
6279 0
6281 0
6282 1
6284 0
6285 0
6286 1
6289 1
6290 0
6291 1
6295 1
6296 0
6299 1
6300 0
6301 0
6304 0
6305 0
6306 0
6309 0
6314 0
6318 1
6319 1
6320 0
6321 0
6323 0
6325 1
6329 0
6330 1
6335 1
6337 1
6338 0
6339 0
6341 1
6344 0
6346 1
6348 0
6349 1
6350 0
6351 0
6352 1
6353 0
6355 0
6357 0
6362 0
6363 1
6366 0
6367 1
6369 0
6371 0
6374 0
6375 1
6377 0
6381 1
6382 0
6385 1
6387 1
6391 1
6392 0
6395 1
6396 1
6398 0
6400 1
6404 0
6409 1
6411 0
6417 0
6418 0
6419 1
6421 1
6424 0
6425 0
6427 0
6428 0
6429 0
6430 0
6433 1
6434 0
6436 0
6437 0
6438 0
6440 0
6442 1
6443 0
6444 0
6445 0
6447 1
6448 1
6449 1
6450 0
6455 1
6456 0
6458 1
6459 0
6462 0
6463 0
6465 0
6466 0
6468 0
6470 0
6472 0
6473 1
6474 0
6475 0
6476 1
6480 1
6482 1
6483 1
6484 1
6486 0
6488 0
6492 0
6495 0
6497 1
6499 1
6501 1
6503 0
6506 0
6507 1
6509 0
6512 1
6515 0
6519 1
6520 1
6523 1
6524 0
6529 0
6530 0
6532 1
6534 0
6536 0
6538 0
6542 0
6543 0
6547 0
6548 1
6549 0
6550 0
6551 0
6553 1
6556 0
6560 0
6562 1
6564 1
6565 0
6569 1
6570 0
6572 1
6575 1
6576 0
6578 0
6583 1
6584 0
6585 0
6587 1
6588 1
6593 1
6595 0
6597 0
6599 0
6602 0
6603 1
6605 0
6606 0
6609 0
6610 0
6611 1
6612 0
6617 0
6618 0
6619 0
6621 1
6622 0
6625 0
6626 1
6627 0
6628 1
6631 1
6632 1
6635 0
6636 0
6637 1
6638 0
6643 1
6645 1
6647 0
6648 0
6652 1
6654 0
6657 0
6658 0
6660 0
6661 0
6664 0
6666 1
6667 0
6668 0
6670 0
6671 1
6673 0
6674 0
6677 0
6678 0
6679 1
6681 1
6682 1
6684 1
6687 0
6689 1
6690 0
6694 1
6695 1
6696 1
6697 0
6698 1
6699 0
6702 0
6703 1
6704 0
6706 1
6707 0
6708 0
6709 1
6714 0
6718 0
6719 1
6722 0
6725 1
6726 1
6727 0
6730 0
6731 1
6734 1
6735 0
6736 1
6738 0
6739 0
6740 0
6747 1
6748 1
6751 1
6753 0
6755 0
6759 1
6760 1
6761 0
6762 0
6765 1
6766 0
6768 1
6769 0
6772 1
6773 1
6777 1
6781 0
6782 1
6783 1
6784 0
6786 1
6789 1
6794 0
6797 0
6799 0
6800 0
6802 0
6803 1
6805 0
6806 0
6808 0
6810 0
6813 0
6814 1
6819 0
6821 1
6822 1
6824 0
6825 1
6827 0
6828 1
6829 1
6833 1
6835 1
6836 1
6838 0
6839 1
6840 0
6841 1
6842 0
6844 0
6845 0
6847 1
6848 0
6849 0
6850 0
6852 0
6855 0
6858 1
6859 1
6860 0
6862 1
6864 1
6865 0
6866 0
6867 0
6868 1
6869 0
6874 1
6876 0
6878 0
6880 1
6883 0
6884 1
6886 1
6887 0
6892 0
6893 0
6896 0
6899 1
6900 1
6903 0
6908 0
6909 1
6910 0
6911 1
6912 1
6914 0
6916 0
6917 1
6918 1
6919 1
6922 0
6924 1
6930 0
6931 0
6932 1
6933 0
6934 0
6935 1
6939 0
6940 0
6943 1
6944 0
6945 1
6947 1
6948 0
6949 0
6950 0
6952 1
6953 0
6956 0
6958 0
6959 0
6962 0
6963 0
6965 1
6966 0
6968 1
6971 0
6972 1
6976 1
6981 1
6983 0
6987 0
6988 1
6989 0
6990 1
6994 0
6995 0
7002 0
7003 0
7004 1
7006 1
7007 1
7008 0
7009 0
7011 1
7016 0
7018 0
7020 0
7021 0
7022 0
7023 0
7025 1
7029 0
7031 1
7033 0
7035 0
7036 0
7038 0
7039 0
7040 0
7042 0
7045 0
7046 1
7048 1
7049 1
7050 0
7052 0
7054 0
7056 0
7058 0
7059 0
7062 1
7064 0
7065 0
7068 0
7070 0
7071 0
7072 0
7073 1
7074 1
7075 1
7077 1
7078 1
7079 1
7080 1
7084 0
7086 0
7088 1
7089 0
7090 1
7092 0
7093 0
7095 0
7097 0
7100 0
7101 0
7104 0
7105 0
7108 0
7109 1
7113 0
7114 0
7117 1
7121 1
7122 0
7123 0
7125 0
7128 0
7129 0
7130 1
7132 0
7133 0
7138 1
7139 0
7140 1
7141 0
7144 1
7146 0
7147 0
7148 1
7149 0
7150 0
7152 1
7153 1
7154 1
7159 1
7162 1
7163 0
7165 1
7166 0
7167 0
7168 0
7172 0
7174 0
7177 1
7180 1
7182 1
7184 1
7185 1
7187 0
7189 0
7191 0
7193 0
7194 1
7197 1
7200 1
7204 0
7205 1
7208 1
7210 0
7211 0
7212 0
7213 1
7214 0
7215 0
7216 1
7217 1
7219 0
7222 1
7223 1
7224 1
7227 0
7230 0
7234 1
7236 1
7241 1
7243 1
7244 1
7245 0
7247 1
7249 0
7250 1
7256 0
7258 1
7259 1
7260 1
7261 1
7263 1
7266 0
7270 1
7271 0
7274 0
7275 0
7276 0
7279 0
7280 0
7283 1
7284 1
7285 1
7289 1
7292 1
7294 0
7295 1
7296 1
7297 0
7298 0
7299 0
7300 0
7302 0
7305 0
7308 1
7311 1
7314 0
7318 1
7322 0
7323 0
7325 0
7327 0
7329 0
7330 1
7334 0
7336 0
7343 0
7344 1
7346 0
7350 0
7351 0
7356 0
7359 0
7361 0
7363 0
7365 0
7369 0
7370 0
7372 0
7373 1
7374 1
7375 0
7376 0
7381 0
7383 0
7385 0
7388 1
7389 0
7390 0
7394 1
7396 0
7398 1
7408 0
7410 0
7411 1
7413 0
7414 1
7416 1
7417 0
7419 1
7421 0
7422 0
7424 0
7425 0
7427 0
7431 1
7432 1
7433 0
7435 0
7436 0
7437 0
7438 0
7439 0
7443 1
7445 0
7446 0
7448 0
7449 1
7451 0
7454 1
7457 0
7458 0
7460 0
7461 1
7465 0
7466 1
7467 0
7468 1
7470 0
7474 1
7475 0
7477 0
7479 0
7480 1
7481 1
7482 0
7483 0
7484 0
7486 1
7489 0
7490 0
7491 0
7493 0
7497 0
7498 0
7503 1
7506 1
7511 1
7513 1
7517 0
7519 0
7521 1
7523 0
7524 0
7525 0
7526 1
7527 0
7528 0
7530 1
7533 1
7535 1
7536 0
7537 0
7538 1
7540 0
7543 0
7544 0
7546 0
7547 1
7551 1
7555 0
7558 0
7559 0
7563 0
7565 0
7566 1
7568 1
7570 1
7571 0
7572 1
7575 1
7576 0
7578 0
7579 1
7585 1
7586 1
7590 1
7592 0
7594 0
7600 0
7601 0
7603 0
7605 0
7606 1
7611 1
7612 0
7614 0
7615 0
7618 0
7619 1
7621 0
7622 0
7624 0
7626 1
7629 0
7631 0
7633 1
7637 0
7639 0
7640 0
7642 1
7647 1
7649 1
7650 1
7653 0
7654 0
7655 0
7656 0
7657 0
7662 1
7663 1
7664 1
7666 1
7667 0
7668 0
7670 1
7671 0
7672 1
7673 1
7675 1
7677 0
7678 0
7679 1
7680 0
7682 0
7683 0
7685 0
7687 1
7688 0
7691 0
7692 0
7694 0
7696 1
7697 1
7699 1
7702 1
7704 0
7705 1
7709 1
7712 1
7713 0
7715 0
7718 0
7720 0
7721 0
7723 1
7724 0
7727 0
7729 1
7731 0
7732 0
7735 0
7736 0
7740 0
7742 0
7743 1
7745 0
7746 0
7748 0
7749 0
7751 1
7753 0
7754 1
7758 1
7760 1
7762 1
7763 0
7765 0
7767 0
7768 0
7772 1
7773 1
7775 0
7776 1
7777 0
7779 0
7781 1
7786 0
7790 0
7791 0
7793 0
7795 1
7798 0
7799 0
7803 1
7809 1
7810 1
7812 1
7813 0
7814 0
7815 0
7819 0
7820 0
7821 0
7824 0
7826 0
7831 0
7833 1
7834 0
7836 1
7838 1
7840 1
7841 0
7843 0
7845 1
7847 1
7853 0
7854 0
7855 1
7856 1
7857 1
7859 0
7863 0
7864 0
7865 0
7868 1
7869 0
7872 1
7873 1
7876 1
7877 0
7878 0
7883 0
7884 1
7885 0
7886 0
7889 1
7890 1
7897 0
7898 1
7899 0
7900 1
7901 0
7902 1
7905 0
7908 1
7909 0
7910 0
7911 1
7914 1
7915 1
7916 0
7919 0
7920 0
7921 1
7923 1
7924 1
7925 1
7926 1
7928 0
7931 0
7932 1
7933 0
7935 0
7939 1
7940 0
7943 0
7946 1
7947 1
7950 1
7953 0
7954 1
7956 1
7958 0
7959 0
7963 0
7964 0
7968 0
7970 1
7971 0
7974 0
7976 1
7979 0
7980 0
7984 1
7987 0
7991 0
7996 1
7997 1
7998 1
7999 1
8001 1
8002 1
8004 0
8005 0
8008 0
8009 1
8012 1
8017 1
8019 0
8023 0
8024 1
8026 0
8029 0
8031 0
8032 0
8033 1
8036 1
8037 0
8040 0
8042 1
8043 0
8044 1
8048 0
8049 1
8051 0
8053 1
8057 1
8060 0
8061 0
8062 1
8063 0
8064 0
8067 0
8068 0
8069 0
8072 1
8075 0
8076 0
8079 0
8082 1
8083 0
8084 0
8085 1
8086 0
8087 1
8091 1
8093 1
8095 0
8096 1
8098 0
8100 1
8101 0
8103 0
8105 1
8106 1
8107 0
8108 1
8112 1
8115 0
8116 0
8117 0
8121 1
8122 0
8125 0
8127 1
8130 0
8132 0
8137 0
8138 0
8139 1
8140 0
8141 0
8142 1
8144 0
8150 0
8151 1
8159 1
8160 1
8163 0
8164 0
8166 1
8168 0
8169 1
8171 1
8173 0
8174 1
8175 1
8177 1
8180 0
8186 1
8188 1
8189 0
8190 1
8191 0
8197 0
8199 0
8200 0
8202 0
8203 0
8204 1
8208 0
8209 1
8211 0
8213 0
8216 0
8218 0
8220 0
8222 0
8223 0
8224 1
8225 1
8226 1
8229 0
8232 0
8235 0
8236 0
8241 0
8244 1
8248 0
8250 0
8251 0
8252 0
8253 1
8254 0
8258 1
8260 1
8261 1
8262 0
8263 1
8268 0
8269 0
8272 1
8275 1
8279 1
8280 0
8281 0
8282 0
8284 1
8285 1
8292 0
8293 1
8294 1
8295 0
8296 0
8297 0
8299 1
8300 0
8301 1
8302 0
8306 1
8307 0
8310 0
8311 0
8312 1
8313 1
8315 1
8316 1
8317 0
8318 0
8319 1
8320 0
8322 0
8323 1
8326 1
8327 1
8329 1
8332 1
8335 0
8336 1
8338 0
8341 1
8342 0
8345 1
8346 0
8349 0
8351 0
8355 1
8359 1
8360 0
8364 0
8365 0
8368 0
8370 1
8372 0
8374 0
8376 1
8381 0
8384 0
8385 0
8386 1
8387 0
8388 0
8390 0
8391 0
8397 0
8398 0
8403 1
8409 0
8410 0
8413 1
8415 0
8416 1
8422 1
8423 1
8424 1
8425 0
8426 0
8427 1
8429 0
8430 0
8433 1
8434 1
8437 0
8438 1
8442 0
8443 0
8444 0
8445 0
8449 0
8450 1
8452 0
8453 0
8454 0
8456 0
8461 1
8462 1
8465 0
8466 0
8467 1
8468 1
8470 1
8472 1
8475 1
8477 0
8478 0
8482 1
8483 1
8484 0
8485 0
8492 0
8494 0
8495 0
8498 1
8499 0
8502 0
8503 0
8506 0
8509 0
8512 0
8513 1
8514 0
8517 0
8518 0
8519 1
8521 1
8522 0
8523 0
8524 1
8526 1
8529 1
8530 1
8533 0
8534 0
8535 1
8536 1
8541 0
8542 1
8549 0
8550 0
8553 1
8556 0
8557 1
8558 0
8559 0
8562 0
8564 0
8568 0
8572 1
8573 0
8576 0
8581 0
8582 1
8584 0
8585 0
8586 1
8587 0
8588 0
8592 1
8595 0
8596 1
8601 1
8602 1
8604 0
8606 0
8607 0
8608 0
8610 0
8612 0
8615 0
8617 1
8618 0
8620 1
8621 0
8624 0
8628 0
8633 0
8635 0
8636 0
8638 0
8639 1
8644 0
8645 1
8647 0
8653 0
8654 1
8655 0
8663 1
8665 1
8667 0
8670 1
8676 1
8680 1
8683 1
8687 0
8688 0
8690 1
8691 1
8692 0
8695 0
8698 1
8699 1
8701 1
8702 0
8706 0
8709 0
8710 0
8713 0
8716 1
8717 0
8718 1
8720 1
8722 0
8723 0
8725 0
8727 1
8728 0
8730 1
8731 1
8732 0
8733 0
8738 0
8739 0
8741 0
8742 0
8744 0
8747 0
8748 1
8749 0
8750 0
8752 0
8753 0
8755 0
8756 1
8757 0
8759 0
8760 0
8764 0
8766 1
8768 0
8769 0
8770 1
8771 0
8772 1
8773 0
8775 1
8776 1
8783 1
8784 0
8790 1
8793 0
8794 1
8796 1
8799 0
8801 0
8805 1
8806 1
8809 0
8810 1
8811 0
8813 0
8814 0
8815 0
8817 1
8819 0
8822 1
8823 0
8826 1
8831 1
8833 0
8835 0
8836 0
8837 1
8838 0
8840 0
8841 1
8843 0
8847 1
8848 0
8849 1
8854 0
8856 1
8858 0
8859 1
8862 0
8865 0
8867 1
8871 1
8872 0
8873 0
8874 0
8876 1
8878 0
8879 0
8880 0
8883 0
8884 1
8885 1
8886 1
8888 1
8890 1
8891 0
8892 0
8900 0
8905 1
8909 0
8911 1
8913 1
8914 0
8917 0
8919 1
8920 1
8921 1
8923 0
8926 0
8927 0
8929 1
8930 1
8931 0
8932 0
8933 0
8936 1
8939 1
8940 0
8942 0
8943 0
8944 1
8948 0
8951 0
8953 1
8955 1
8958 0
8960 0
8961 0
8962 0
8965 1
8966 0
8967 0
8968 0
8969 0
8970 0
8971 0
8973 1
8975 1
8976 0
8978 1
8979 1
8980 0
8982 1
8983 0
8985 0
8987 0
8988 1
8989 0
8995 1
8997 0
8999 0
9000 0
9002 0
9004 0
9005 1
9006 1
9007 1
9015 0
9016 0
9018 1
9019 1
9020 1
9022 0
9024 0
9027 0
9029 0
9032 0
9034 0
9035 0
9036 0
9037 1
9039 0
9042 0
9045 0
9048 0
9049 0
9051 1
9053 0
9058 0
9059 1
9060 0
9063 0
9064 0
9066 0
9068 0
9072 1
9073 1
9078 1
9079 1
9080 0
9085 0
9086 0
9087 1
9089 0
9091 0
9094 1
9098 1
9099 1
9100 0
9105 1
9106 1
9108 1
9112 1
9113 0
9114 0
9116 0
9117 0
9121 1
9123 0
9126 1
9128 0
9129 1
9131 1
9133 0
9136 1
9138 1
9141 1
9144 0
9147 0
9148 0
9150 0
9151 0
9153 0
9155 0
9157 0
9159 1
9160 0
9161 0
9162 0
9163 0
9166 0
9168 0
9173 0
9174 1
9175 1
9177 1
9178 1
9179 0
9180 0
9181 0
9184 0
9185 0
9186 0
9187 0
9189 0
9191 0
9192 1
9193 0
9194 0
9195 0
9196 0
9197 0
9200 0
9202 1
9205 0
9208 1
9209 1
9212 0
9213 0
9214 1
9215 0
9218 1
9221 0
9224 0
9227 1
9230 0
9236 1
9238 0
9239 1
9242 1
9244 0
9245 0
9246 0
9247 1
9249 0
9250 1
9251 0
9252 1
9254 0
9255 1
9259 0
9268 0
9269 0
9270 0
9271 0
9272 0
9273 1
9278 0
9279 0
9281 0
9282 0
9283 1
9285 0
9286 1
9287 1
9288 1
9289 0
9290 0
9291 0
9295 0
9296 0
9299 1
9303 0
9306 1
9307 1
9308 0
9309 1
9312 1
9315 0
9316 1
9318 0
9323 0
9324 0
9325 1
9326 0
9327 0
9330 0
9331 0
9333 1
9334 1
9336 0
9337 0
9339 0
9342 0
9343 1
9347 0
9348 0
9349 0
9350 0
9351 1
9354 1
9358 0
9359 0
9362 0
9365 0
9368 1
9371 1
9373 0
9374 1
9375 0
9377 0
9378 1
9382 1
9386 0
9388 1
9389 0
9392 0
9393 1
9394 0
9398 1
9401 0
9405 0
9406 1
9407 1
9408 0
9409 1
9410 0
9411 0
9412 0
9413 0
9414 1
9417 1
9418 1
9419 1
9420 0
9421 1
9422 1
9424 1
9429 0
9432 0
9433 0
9434 0
9437 0
9438 0
9439 0
9440 0
9443 0
9445 0
9446 1
9448 0
9454 0
9455 1
9456 1
9457 1
9458 0
9459 0
9460 0
9461 0
9463 0
9464 1
9465 0
9466 1
9468 0
9469 0
9470 0
9472 0
9476 0
9477 1
9479 0
9480 0
9481 1
9484 0
9488 1
9490 0
9491 0
9494 0
9496 0
9497 0
9499 0
9500 0
9502 0
9504 1
9507 0
9508 1
9512 1
9515 0
9516 0
9517 0
9518 1
9519 0
9520 1
9523 1
9524 0
9526 1
9527 0
9528 1
9531 0
9532 0
9533 1
9537 0
9540 0
9541 1
9542 0
9543 1
9545 1
9546 0
9549 1
9550 1
9551 0
9557 0
9558 1
9560 0
9562 1
9565 0
9566 1
9567 0
9568 0
9571 0
9573 0
9576 0
9577 0
9579 0
9580 1
9584 1
9585 1
9586 0
9587 0
9588 1
9591 0
9596 1
9597 1
9598 1
9600 1
9603 0
9605 0
9609 0
9611 0
9613 0
9614 1
9615 0
9617 0
9618 0
9619 0
9620 0
9621 0
9623 1
9627 0
9629 1
9634 0
9636 1
9637 0
9638 1
9641 0
9644 0
9647 1
9649 0
9650 1
9654 1
9655 0
9656 0
9658 1
9659 0
9664 0
9666 0
9667 1
9668 1
9670 0
9671 1
9676 0
9678 0
9679 1
9681 1
9684 0
9685 0
9686 0
9687 1
9691 0
9692 0
9693 0
9695 1
9698 1
9699 0
9700 0
9702 0
9703 1
9706 1
9707 1
9709 0
9710 1
9711 1
9712 0
9713 0
9717 0
9718 1
9719 0
9721 1
9724 0
9726 1
9729 1
9732 0
9733 0
9734 1
9735 1
9737 0
9738 0
9743 0
9745 1
9746 0
9747 0
9748 0
9749 0
9754 1
9755 1
9756 0
9758 0
9761 0
9762 1
9763 0
9764 1
9767 1
9772 0
9773 1
9774 0
9776 0
9778 1
9780 0
9781 0
9785 0
9789 0
9790 1
9792 0
9794 0
9796 1
9797 0
9800 1
9801 0
9805 1
9807 0
9808 0
9809 1
9810 1
9813 0
9816 1
9819 0
9822 1
9823 0
9825 1
9828 0
9830 1
9831 0
9832 0
9833 0
9834 1
9836 0
9839 0
9841 1
9842 0
9845 1
9848 1
9851 1
9852 1
9855 0
9858 0
9859 0
9860 0
9862 1
9863 0
9865 0
9867 0
9868 0
9869 0
9870 0
9872 0
9874 1
9877 0
9878 1
9879 0
9880 1
9881 1
9882 1
9884 0
9886 1
9887 1
9894 0
9896 1
9897 0
9898 0
9900 1
9902 1
9904 1
9905 1
9908 1
9911 0
9913 0
9917 0
9918 1
9920 0
9923 0
9926 1
9932 1
9935 0
9938 0
9939 0
9940 1
9942 1
9944 1
9945 1
9946 0
9947 1
9949 1
9950 1
9954 1
9955 0
9958 0
9959 0
9961 1
