5 0
7 1
9 0
12 1
16 1
17 0
19 0
20 1
21 0
23 0
24 1
26 1
30 0
32 0
33 0
34 1
35 0
36 0
39 1
41 0
42 1
44 1
46 0
47 0
48 0
50 0
51 0
52 0
60 1
61 0
63 0
64 1
65 0
66 0
72 1
73 1
77 1
78 1
81 0
83 0
89 1
91 0
93 1
95 0
99 1
101 0
102 0
104 1
107 1
109 0
110 0
112 1
113 1
117 0
118 0
120 0
121 1
122 1
123 1
125 0
129 0
130 0
131 1
132 1
133 1
134 0
138 0
140 0
141 0
142 0
143 0
146 0
147 0
150 1
153 0
154 0
156 0
158 1
159 0
161 1
162 0
163 1
164 0
165 1
169 0
170 0
171 1
173 1
174 0
177 0
180 1
184 0
187 1
189 0
190 0
192 1
193 1
194 1
198 0
200 0
203 1
207 1
208 1
209 0
210 0
211 0
214 0
215 0
218 0
219 1
220 0
221 0
222 1
224 0
225 1
228 0
229 1
232 0
233 1
235 0
236 1
241 0
242 0
244 0
245 1
246 0
249 1
250 1
251 0
256 1
257 1
259 0
262 1
263 0
266 1
268 0
269 0
270 0
275 1
276 1
278 0
282 0
285 1
288 1
289 0
294 0
296 0
298 1
302 0
303 1
304 1
305 1
306 0
307 1
308 0
311 0
312 1
317 1
318 1
320 1
321 0
322 1
323 1
325 0
328 0
329 0
331 0
332 0
334 0
336 1
337 0
338 1
340 0
343 1
344 0
347 1
349 1
352 0
354 0
355 1
359 1
363 0
367 1
370 1
372 1
373 1
374 0
379 1
380 1
381 0
382 0
387 1
391 0
394 0
395 0
396 0
400 0
403 0
404 1
406 1
407 0
408 1
411 0
416 0
417 1
419 0
420 0
424 1
427 0
428 1
430 0
431 0
433 0
435 0
438 1
439 0
443 0
446 0
448 1
450 0
454 0
459 0
460 1
461 0
462 1
463 0
464 1
468 0
469 1
470 1
474 0
476 1
477 0
480 1
482 1
483 1
484 0
486 0
489 0
491 1
492 1
494 0
496 1
498 1
499 0
500 1
501 0
503 0
508 0
509 0
513 1
514 0
515 0
516 0
518 1
519 0
520 0
522 0
523 0
524 0
525 0
526 0
528 0
530 1
531 0
535 0
537 1
540 0
541 0
543 0
544 1
545 1
549 1
550 1
552 0
554 0
555 0
559 0
563 1
564 0
565 0
577 0
579 1
581 0
582 1
583 0
588 1
589 1
590 1
591 0
592 0
597 0
598 0
599 0
601 0
605 0
608 0
609 1
610 0
612 0
613 0
619 0
620 0
622 0
625 1
626 1
628 0
632 0
633 1
635 0
637 0
645 1
647 0
648 1
653 0
654 0
656 0
657 1
660 0
661 0
663 1
667 1
671 1
672 0
675 0
676 1
677 0
680 0
682 1
684 0
685 1
686 0
688 0
689 1
690 0
694 0
695 1
699 0
700 1
702 1
705 1
707 1
709 0
710 0
711 1
712 0
713 0
714 1
717 1
720 0
726 0
728 0
729 0
730 0
731 0
733 1
738 1
739 0
740 1
742 0
746 1
748 0
750 0
752 0
753 0
754 0
755 0
756 1
760 1
761 0
763 1
764 1
767 1
768 0
770 0
771 0
772 1
774 0
776 0
777 0
780 0
782 1
786 0
787 1
791 0
793 1
794 0
796 0
797 1
799 0
800 1
802 0
804 1
805 0
806 0
808 0
810 1
812 0
814 1
815 0
816 0
818 1
820 0
822 1
823 1
826 0
827 0
828 0
829 0
830 1
831 1
832 0
834 0
842 0
843 0
845 0
847 1
848 0
849 1
850 1
851 0
854 0
855 1
857 0
859 1
860 0
862 0
863 0
865 0
867 0
868 0
871 1
872 0
874 0
876 1
878 0
879 0
880 1
882 0
885 0
887 0
888 0
889 0
892 0
895 1
896 0
898 0
899 1
900 0
902 0
903 0
904 0
906 0
908 0
911 1
912 0
915 0
917 0
918 0
919 0
920 0
921 1
923 1
926 0
929 1
931 1
934 0
935 0
936 1
937 0
943 0
946 0
947 0
948 1
949 1
950 0
951 1
954 0
958 1
962 0
964 0
965 0
966 1
967 0
971 1
972 0
973 0
977 1
980 1
982 0
987 0
989 0
991 0
993 1
996 1
997 1
999 0
1001 0
1002 1
1004 0
1008 0
1009 0
1010 1
1011 0
1012 1
1014 0
1015 0
1017 0
1018 0
1024 0
1027 1
1028 0
1036 1
1041 1
1042 1
1043 0
1045 1
1050 1
1052 1
1053 1
1056 0
1057 0
1060 0
1061 1
1062 0
1064 1
1066 0
1068 0
1069 1
1071 0
1072 0
1073 1
1074 0
1077 1
1078 0
1079 0
1082 0
1083 0
1084 0
1091 0
1092 1
1093 0
1097 1
1101 1
1102 0
1104 0
1106 0
1107 1
1109 0
1110 0
1112 0
1113 0
1119 1
1121 0
1124 1
1125 0
1127 0
1129 0
1130 0
1136 0
1137 0
1140 0
1142 0
1143 1
1144 0
1145 1
1147 1
1148 0
1149 0
1151 1
1152 1
1154 0
1156 1
1158 0
1160 1
1161 0
1164 1
1166 0
1168 0
1170 0
1171 1
1172 0
1174 0
1175 0
1176 1
1182 0
1184 1
1185 1
1186 1
1187 1
1191 1
1192 1
1194 1
1199 0
1200 0
1201 0
1203 0
1204 0
1205 0
1206 1
1207 0
1209 1
1211 0
1212 1
1214 1
1215 0
1221 1
1224 0
1225 0
1226 1
1229 0
1230 0
1231 1
1233 0
1234 0
1236 1
1237 0
1239 1
1240 0
1241 0
1247 0
1248 1
1250 1
1254 0
1258 0
1259 0
1260 0
1263 0
1265 0
1266 0
1268 1
1269 1
1270 1
1272 1
1273 0
1274 0
1277 1
1279 0
1281 1
1284 1
1286 1
1287 1
1288 1
1289 0
1290 0
1292 1
1293 0
1294 0
1298 0
1299 1
1304 0
1309 1
1310 0
1311 0
1312 1
1314 1
1315 1
1316 0
1323 1
1324 1
1325 0
1326 0
1327 1
1330 0
1332 1
1333 0
1334 0
1337 1
1341 0
1343 0
1345 0
1346 0
1348 0
1350 0
1352 0
1360 1
1361 0
1362 0
1364 0
1365 1
1371 1
1375 1
1378 1
1383 0
1384 0
1385 0
1386 0
1387 1
1388 1
1390 0
1393 1
1395 0
1397 0
1400 0
1402 1
1404 0
1405 0
1406 1
1408 1
1409 0
1413 1
1414 0
1418 0
1420 0
1421 0
1426 1
1427 0
1430 0
1432 0
1434 0
1436 0
1439 0
1441 0
1442 0
1443 1
1444 1
1445 0
1450 1
1451 0
1453 0
1455 0
1457 0
1460 0
1463 1
1464 0
1465 0
1466 1
1467 1
1468 1
1470 1
1472 0
1475 0
1479 1
1480 0
1481 0
1483 1
1484 0
1485 0
1486 0
1488 1
1490 0
1492 0
1493 0
1494 1
1497 1
1498 0
1499 1
1501 0
1504 0
1509 1
1510 0
1512 0
1514 1
1515 1
1517 0
1521 1
1522 0
1523 0
1524 1
1526 1
1528 1
1529 0
1531 1
1532 0
1536 0
1537 0
1539 1
1541 1
1543 1
1544 0
1545 1
1548 0
1553 1
1554 1
1555 0
1556 0
1557 1
1559 0
1561 0
1563 0
1565 0
1571 0
1576 0
1577 0
1579 0
1580 0
1582 0
1586 0
1588 0
1590 0
1593 0
1594 1
1595 1
1597 0
1598 1
1603 0
1604 0
1607 0
1608 0
1610 0
1611 0
1612 0
1614 0
1617 1
1618 1
1622 0
1627 0
1628 1
1630 0
1632 0
1633 0
1636 1
1638 1
1640 0
1642 0
1643 0
1647 0
1649 1
1650 0
1651 0
1653 1
1654 0
1661 0
1662 1
1669 1
1673 0
1675 1
1676 1
1677 1
1678 1
1680 1
1682 1
1683 0
1684 0
1685 0
1686 0
1688 1
1689 0
1690 0
1691 1
1693 1
1699 0
1707 1
1708 1
1711 0
1713 0
1714 1
1717 1
1718 1
1721 1
1723 1
1724 0
1725 1
1726 1
1727 0
1729 0
1730 0
1732 0
1733 0
1734 0
1738 0
1739 0
1741 1
1746 0
1747 0
1749 1
1750 0
1752 0
1754 0
1755 1
1756 0
1758 1
1759 1
1761 0
1765 0
1766 0
1768 1
1771 0
1772 0
1775 0
1777 0
1778 0
1780 1
1782 0
1784 0
1785 0
1787 0
1789 1
1793 0
1795 0
1797 0
1799 0
1800 1
1801 1
1806 0
1807 0
1809 1
1810 1
1816 0
1818 0
1821 0
1825 0
1827 0
1828 1
1830 0
1832 0
1833 0
1834 1
1836 1
1837 0
1840 1
1841 0
1842 1
1843 0
1845 1
1847 1
1849 1
1853 1
1854 0
1855 1
1858 0
1860 1
1861 1
1862 0
1864 0
1870 0
1872 0
1875 1
1877 1
1878 1
1881 0
1882 0
1887 0
1888 0
1892 0
1894 1
1896 0
1898 1
1899 0
1901 1
1902 1
1903 0
1904 0
1906 1
1907 0
1911 0
1915 1
1918 0
1920 0
1922 1
1927 0
1928 1
1930 0
1931 1
1932 0
1933 1
1934 0
1936 1
1937 0
1938 1
1940 1
1941 0
1944 0
1945 0
1948 0
1950 1
1952 0
1954 1
1958 1
1960 0
1962 0
1963 1
1964 1
1970 0
1971 1
1972 1
1976 0
1977 0
1978 1
1980 0
1981 1
1982 0
1985 0
1989 0
1995 1
1999 0
2000 1
2001 0
2002 0
2004 0
2006 1
2011 0
2012 0
2015 1
2019 1
2020 0
2021 0
2022 0
2023 1
2024 0
2025 1
2027 0
2030 0
2034 1
2036 1
2037 0
2039 1
2042 0
2043 1
2045 0
2047 1
2049 0
2051 1
2054 0
2055 0
2056 0
2058 1
2061 0
2063 0
2064 0
2067 1
2068 0
2069 0
2070 0
2082 0
2083 0
2086 0
2088 0
2090 0
2091 0
2094 1
2095 0
2096 1
2098 0
2099 1
2101 1
2102 0
2104 1
2108 1
2109 0
2112 1
2114 0
2116 0
2117 1
2120 1
2124 0
2125 0
2126 1
2129 0
2132 0
2134 0
2135 0
2136 0
2139 0
2140 0
2142 1
2145 1
2146 1
2151 1
2152 0
2153 1
2155 0
2156 1
2158 1
2163 1
2165 1
2166 0
2169 0
2170 1
2171 0
2172 0
2174 0
2176 0
2178 0
2179 1
2180 1
2181 0
2182 1
2183 1
2184 1
2186 1
2187 1
2190 1
2191 1
2192 0
2193 0
2194 0
2196 1
2197 0
2199 0
2201 0
2202 1
2208 0
2209 0
2212 1
2213 1
2214 1
2215 1
2218 0
2219 0
2220 1
2221 0
2224 0
2226 0
2228 0
2233 0
2234 0
2237 0
2238 0
2241 0
2244 1
2247 0
2248 0
2249 0
2251 1
2253 0
2255 1
2256 0
2257 0
2259 0
2260 0
2261 0
2263 1
2265 0
2266 1
2267 0
2268 1
2270 1
2272 0
2273 1
2276 0
2277 0
2278 0
2279 0
2280 0
2281 0
2284 0
2285 1
2287 0
2288 0
2290 1
2291 1
2293 0
2300 1
2302 1
2305 1
2306 1
2307 0
2308 0
2310 0
2311 0
2315 0
2318 1
2320 1
2321 0
2323 1
2324 1
2328 0
2329 1
2330 0
2332 1
2333 0
2334 1
2335 1
2337 0
2340 1
2342 0
2343 0
2345 0
2347 0
2348 1
2350 0
2352 0
2354 0
2355 1
2359 0
2361 0
2362 0
2364 0
2366 0
2367 0
2368 0
2369 0
2371 1
2372 0
2373 0
2374 0
2375 0
2376 0
2377 1
2378 1
2382 0
2384 0
2385 0
2387 1
2391 0
2392 1
2393 1
2401 1
2403 0
2404 0
2405 0
2407 1
2410 1
2411 1
2413 0
2415 1
2417 0
2419 0
2420 0
2423 1
2425 0
2427 1
2433 0
2435 1
2436 1
2437 0
2439 1
2441 0
2442 1
2443 0
2444 1
2445 0
2448 0
2450 1
2452 1
2454 1
2456 1
2458 0
2459 1
2460 1
2461 1
2462 1
2465 0
2466 0
2468 0
2470 0
2471 0
2472 0
2476 0
2477 1
2478 0
2479 1
2480 1
2481 1
2483 1
2490 0
2491 1
2492 1
2493 0
2494 1
2496 1
2497 0
2500 1
2501 0
2502 0
2504 1
2505 1
2508 0
2512 0
2513 0
2514 0
2518 0
2519 1
2520 1
2523 0
2524 0
2525 0
2529 0
2533 1
2534 0
2537 0
2539 0
2540 1
2542 0
2544 0
2545 1
2546 0
2547 0
2549 0
2554 1
2555 0
2558 0
2559 0
2561 0
2563 0
2564 1
2565 0
2566 0
2567 1
2569 1
2571 1
2572 0
2578 0
2579 1
2584 1
2585 0
2586 0
2589 0
2590 0
2593 0
2594 1
2595 1
2598 1
2599 0
2600 0
2603 1
2605 0
2606 0
2609 1
2611 0
2613 0
2615 0
2618 0
2621 0
2625 1
2627 1
2632 1
2633 0
2634 0
2635 0
2636 0
2637 0
2641 0
2643 1
2645 1
2646 0
2647 0
2648 0
2649 1
2653 1
2657 0
2658 0
2659 0
2662 1
2664 0
2666 0
2667 0
2668 0
2669 0
2670 0
2675 0
2677 0
2678 0
2680 0
2682 1
2683 0
2684 1
2689 1
2690 0
2691 0
2693 0
2695 0
2696 0
2697 0
2699 1
2702 1
2704 0
2706 1
2709 0
2710 0
2713 0
2714 0
2715 0
2717 1
2718 0
2721 0
2722 0
2723 1
2727 1
2730 1
2732 0
2734 0
2735 0
2737 0
2738 0
2741 0
2744 1
2745 0
2747 0
2749 0
2751 1
2755 1
2757 1
2759 0
2760 0
2762 1
2763 0
2765 1
2766 1
2767 1
2772 1
2774 0
2775 0
2776 1
2778 0
2779 1
2782 0
2783 1
2784 1
2785 1
2786 0
2791 0
2794 0
2795 0
2796 1
2798 1
2800 0
2801 1
2803 1
2804 1
2807 0
2810 0
2812 0
2815 0
2816 1
2817 1
2820 1
2826 1
2827 0
2833 0
2834 0
2835 0
2836 1
2838 1
2841 0
2842 1
2844 0
2845 0
2847 0
2848 1
2854 0
2855 0
2858 0
2859 1
2864 0
2866 0
2867 0
2868 1
2869 0
2870 0
2873 0
2875 0
2879 1
2880 1
2881 0
2884 0
2886 0
2889 1
2891 0
2893 1
2896 1
2899 0
2901 0
2906 1
2910 1
2912 1
2913 1
2914 0
2915 0
2916 0
2917 0
2919 0
2924 0
2931 0
2932 0
2933 0
2934 1
2935 0
2937 0
2938 1
2939 0
2940 1
2941 0
2942 0
2943 1
2944 0
2946 0
2947 0
2952 0
2953 0
2954 0
2956 0
2957 1
2958 0
2960 1
2962 1
2963 0
2965 0
2966 1
2967 0
2969 0
2975 0
2976 1
2977 0
2978 0
2984 0
2986 0
2987 0
2988 1
2989 0
2990 0
2992 1
2994 1
2995 0
3000 1
3002 0
3003 1
3004 0
3005 0
3007 0
3008 0
3009 0
3011 0
3013 0
3015 0
3017 0
3021 0
3023 0
3024 1
3027 1
3028 1
3031 0
3032 0
3034 0
3038 0
3039 1
3042 0
3044 0
3045 0
3047 0
3051 1
3053 1
3054 0
3056 1
3057 0
3058 0
3061 0
3063 0
3064 1
3065 1
3066 1
3072 0
3074 0
3077 0
3078 0
3082 0
3083 0
3085 0
3086 0
3088 0
3089 0
3090 1
3092 1
3093 0
3094 0
3098 0
3100 1
3102 1
3103 1
3105 0
3106 1
3107 1
3108 0
3110 1
3112 0
3116 0
3117 0
3118 0
3120 0
3121 1
3122 0
3124 0
3126 0
3127 0
3129 1
3133 0
3134 0
3135 0
3137 0
3138 0
3140 1
3142 0
3145 1
3146 0
3147 0
3149 1
3150 0
3154 1
3155 1
3157 1
3159 0
3161 1
3162 0
3163 1
3164 1
3165 1
3169 0
3170 0
3175 0
3176 1
3177 0
3178 0
3181 0
3183 0
3184 0
3185 0
3186 1
3188 0
3189 1
3194 0
3195 0
3199 1
3200 0
3202 1
3204 1
3205 0
3207 0
3210 0
3211 1
3213 1
3214 1
3216 0
3218 0
3219 0
3223 0
3228 1
3229 0
3231 0
3233 0
3236 0
3239 0
3240 0
3242 1
3243 1
3244 1
3247 1
3250 0
3253 1
3254 1
3255 0
3256 0
3258 0
3259 0
3260 0
3261 0
3262 0
3269 1
3270 1
3271 0
3272 1
3273 1
3274 0
3279 1
3280 0
3282 0
3284 0
3285 1
3290 1
3292 1
3293 0
3294 0
3296 0
3299 0
3300 0
3301 0
3303 1
3307 0
3308 1
3311 1
3313 1
3316 0
3320 0
3325 1
3327 0
3330 0
3331 1
3335 0
3336 0
3337 1
3338 1
3339 0
3343 0
3344 1
3349 0
3350 0
3351 0
3354 0
3355 1
3356 1
3359 0
3360 1
3362 1
3363 0
3365 0
3367 1
3369 0
3370 1
3373 0
3374 0
3376 0
3377 0
3379 0
3380 1
3382 1
3386 0
3390 1
3391 0
3392 0
3395 0
3396 0
3397 1
3398 1
3401 0
3403 1
3404 0
3406 0
3407 0
3408 0
3410 1
3412 0
3413 0
3415 0
3416 1
3417 0
3419 0
3420 0
3421 0
3422 1
3424 0
3425 0
3429 0
3430 0
3433 0
3435 0
3436 1
3439 1
3441 0
3443 0
3444 0
3449 1
3450 1
3451 0
3452 0
3453 1
3455 0
3458 0
3461 1
3462 0
3464 0
3465 1
3466 0
3468 0
3469 1
3470 0
3477 0
3484 0
3487 0
3489 0
3491 0
3492 0
3493 1
3496 0
3497 1
3499 0
3500 1
3506 0
3508 0
3509 0
3510 0
3511 1
3516 1
3518 0
3519 0
3521 1
3522 0
3524 0
3525 1
3528 1
3529 1
3530 0
3536 1
3537 1
3539 0
3546 1
3548 0
3549 1
3550 1
3551 0
3554 0
3555 1
3556 0
3564 0
3565 0
3566 0
3567 1
3575 0
3576 0
3577 1
3580 0
3585 0
3586 0
3587 0
3588 1
3589 0
3593 1
3594 0
3596 0
3597 0
3599 0
3603 0
3604 1
3605 1
3606 0
3608 0
3609 0
3611 0
3614 0
3618 1
3620 0
3621 0
3622 0
3623 1
3625 0
3627 1
3628 1
3629 0
3632 1
3634 0
3635 1
3636 0
3638 0
3639 0
3640 0
3642 1
3644 1
3645 1
3646 0
3648 0
3651 0
3654 0
3655 1
3656 0
3657 0
3658 1
3660 0
3662 1
3663 0
3664 1
3667 0
3669 1
3671 0
3673 0
3674 1
3675 0
3678 0
3679 0
3681 0
3684 0
3685 0
3688 0
3690 0
3691 0
3694 0
3695 0
3696 0
3698 0
3699 0
3700 0
3703 1
3704 0
3705 1
3706 0
3708 0
3709 1
3711 0
3713 1
3714 0
3717 0
3721 1
3722 1
3727 0
3729 0
3732 1
3735 1
3740 0
3743 0
3748 0
3749 1
3750 0
3751 0
3752 1
3753 0
3754 1
3758 1
3759 1
3760 1
3763 0
3767 1
3772 1
3773 0
3774 1
3779 0
3780 1
3781 1
3783 1
3784 0
3786 0
3788 0
3790 0
3791 1
3792 0
3793 0
3796 0
3797 1
3798 0
3803 1
3806 0
3807 0
3808 1
3809 1
3811 1
3814 1
3817 0
3818 1
3820 0
3821 0
3824 1
3826 0
3827 0
3828 1
3830 1
3834 0
3835 0
3837 0
3838 1
3844 0
3845 0
3846 1
3847 0
3848 0
3849 0
3855 1
3856 1
3857 1
3859 1
3860 1
3861 0
3863 0
3865 1
3866 1
3868 1
3869 0
3871 1
3872 1
3874 0
3876 0
3877 0
3879 1
3885 0
3886 0
3887 1
3889 0
3890 0
3891 0
3895 0
3898 0
3899 1
3905 1
3907 1
3911 0
3912 0
3913 0
3915 0
3918 1
3919 0
3921 0
3923 1
3924 1
3926 0
3932 0
3935 0
3936 0
3937 0
3939 0
3941 0
3945 1
3946 0
3947 0
3948 0
3949 1
3953 0
3954 0
3956 0
3957 0
3960 0
3961 0
3963 0
3965 1
3966 1
3969 1
3970 0
3971 0
3973 0
3974 1
3979 0
3983 1
3984 1
3986 0
3987 0
3988 0
3990 1
3991 0
3992 0
3993 1
3994 0
3996 0
3997 0
3998 1
4003 1
4005 0
4008 1
4009 1
4010 1
4011 0
4012 1
4013 0
4014 0
4015 1
4016 1
4017 0
4019 1
4020 0
4023 1
4025 1
4028 1
4031 0
4033 1
4034 1
4035 0
4037 1
4039 0
4046 1
4047 1
4051 1
4052 0
4057 0
4058 0
4060 1
4066 0
4067 1
4069 1
4073 0
4075 0
4076 1
4077 0
4082 0
4085 0
4087 0
4089 1
4091 0
4092 0
4093 1
4095 1
4100 0
4102 1
4105 1
4106 1
4108 0
4110 0
4111 0
4113 0
4117 0
4120 0
4121 1
4122 0
4129 0
4131 0
4133 1
4135 0
4136 0
4137 0
4138 0
4140 0
4141 0
4142 1
4143 1
4145 0
4146 1
4148 0
4149 0
4150 0
4152 0
4158 1
4163 0
4164 1
4168 0
4169 0
4170 0
4171 1
4174 0
4178 1
4185 0
4186 1
4189 0
4190 1
4191 1
4192 0
4193 0
4194 0
4195 1
4196 0
4200 1
4201 0
4203 1
4204 1
4205 1
4209 1
4212 0
4215 0
4220 0
4221 0
4223 1
4224 0
4228 1
4229 0
4230 0
4231 0
4232 0
4237 0
4239 1
4241 1
4242 1
4244 1
4246 1
4247 1
4253 0
4255 0
4256 0
4257 0
4258 1
4259 0
4263 0
4264 0
4265 0
4269 0
4270 1
4271 1
4272 1
4273 0
4274 1
4275 0
4279 0
4280 1
4281 0
4283 1
4284 0
4286 0
4287 1
4291 0
4292 0
4293 1
4295 0
4296 0
4298 1
4300 0
4303 0
4304 1
4307 1
4310 0
4312 0
4315 1
4318 1
4321 1
4322 0
4323 0
4325 0
4326 0
4327 0
4329 1
4331 1
4333 0
4338 1
4339 1
4341 1
4345 0
4346 0
4347 0
4349 0
4351 1
4352 1
4354 1
4356 0
4359 0
4360 1
4361 1
4364 1
4365 1
4367 1
4368 0
4369 1
4370 0
4371 1
4372 1
4376 0
4379 1
4380 0
4384 1
4386 1
4387 1
4389 1
4390 1
4391 1
4392 0
4396 0
4397 0
4404 0
4405 0
4409 0
4411 0
4421 0
4423 1
4424 1
4429 0
4430 0
4432 0
4433 1
4434 0
4436 1
4437 0
4438 0
4439 0
4441 0
4446 0
4450 1
4452 0
4455 0
4457 1
4459 0
4463 1
4464 1
4466 0
4468 0
4470 0
4471 1
4474 0
4479 0
4481 1
4484 0
4487 1
4488 0
4490 1
4493 1
4494 1
4495 0
4496 1
4498 1
4499 1
4500 0
4502 1
4507 0
4508 0
4509 1
4510 1
4512 0
4514 0
4517 0
4518 1
4519 1
4520 0
4524 0
4526 0
4527 1
4528 1
4530 0
4532 0
4535 1
4537 1
4539 0
4540 1
4542 1
4544 1
4548 1
4549 0
4551 0
4552 0
4553 0
4555 0
4558 0
4562 0
4563 1
4565 0
4566 1
4570 0
4571 1
4574 1
4576 0
4579 0
4581 1
4584 0
4585 0
4587 1
4588 0
4591 0
4592 0
4595 1
4597 0
4600 0
4601 1
4604 0
4605 1
4606 1
4607 0
4609 1
4611 1
4612 0
4618 0
4622 0
4623 1
4625 1
4626 0
4627 0
4628 1
4630 1
4631 0
4632 1
4634 0
4636 1
4643 0
4644 0
4647 1
4648 0
4649 0
4651 0
4652 0
4653 0
4654 0
4655 1
4656 0
4660 0
4662 1
4671 1
4672 0
4673 1
4674 0
4675 1
4676 0
4679 1
4682 0
4683 0
4685 0
4686 1
4687 1
4689 0
4691 1
4692 0
4693 1
4694 0
4699 1
4701 0
4702 1
4705 0
4706 0
4707 0
4708 1
4710 0
4714 1
4715 1
4718 1
4719 0
4722 0
4723 0
4727 0
4732 1
4735 0
4737 0
4742 0
4743 1
4746 1
4747 1
4748 1
4750 1
4753 0
4754 1
4760 0
4761 0
4768 0
4770 0
4773 0
4776 1
4777 1
4779 0
4782 0
4783 1
4785 1
4786 1
4788 1
4789 0
4790 0
4792 1
4793 1
4794 1
4796 1
4797 1
4799 0
4801 0
4805 1
4808 0
4812 0
4814 0
4815 0
4816 0
4818 1
4823 1
4825 1
4826 1
4828 1
4830 1
4831 0
4832 0
4834 1
4836 0
4837 0
4839 0
4840 0
4841 0
4842 1
4846 0
4848 0
4849 1
4850 1
4852 0
4856 1
4857 0
4859 1
4863 1
4866 1
4867 1
4868 0
4869 1
4872 1
4873 1
4876 1
4878 0
4879 0
4882 1
4885 1
4886 1
4890 0
4895 1
4896 0
4897 1
4898 1
4902 1
4903 0
4905 0
4907 0
4910 1
4911 0
4912 0
4913 1
4916 0
4926 0
4928 1
4929 0
4931 0
4935 1
4936 0
4938 0
4939 1
4943 1
4946 0
4948 1
4950 0
4951 1
4953 0
4954 0
4955 1
4956 1
4958 1
4960 0
4961 0
4962 0
4963 1
4966 1
4967 1
4968 0
4972 0
4973 0
4974 0
4976 0
4977 0
4982 0
4983 1
4984 1
4985 1
4986 1
4987 0
4990 1
4991 1
4992 0
4994 1
4995 0
4997 0
4998 1
4999 0
5001 1
5003 0
5004 0
5006 1
5007 0
5014 0
5016 0
5018 0
5020 1
5023 1
5024 0
5026 0
5027 0
5028 0
5029 1
5032 0
5033 0
5036 0
5037 0
5039 0
5042 0
5045 1
5047 0
5052 0
5054 0
5055 1
5056 0
5057 1
5058 0
5061 1
5062 1
5063 1
5064 1
5065 1
5067 1
5068 0
5071 0
5072 1
5073 0
5077 1
5078 0
5079 0
5081 1
5084 0
5085 1
5086 0
5090 1
5093 0
5094 1
5097 1
5101 1
5102 1
5104 0
5107 1
5108 0
5110 0
5111 0
5114 0
5116 0
5121 1
5122 0
5124 0
5128 0
5129 0
5130 0
5131 0
5134 0
5135 0
5136 1
5138 1
5143 0
5144 0
5145 0
5146 1
5150 1
5153 0
5156 1
5159 0
5160 0
5161 1
5168 0
5169 1
5171 1
5173 1
5175 0
5176 1
5177 1
5179 0
5181 0
5183 1
5185 0
5186 1
5189 0
5190 0
5191 0
5195 1
5199 0
5202 1
5203 1
5208 1
5209 0
5210 1
5212 1
5214 0
5215 0
5217 0
5219 0
5220 0
5222 1
5223 1
5224 0
5229 1
5230 0
5231 1
5236 0
5239 0
5242 1
5244 0
5245 1
5246 0
5248 1
5253 0
5254 1
5257 0
5258 0
5259 0
5260 0
5262 0
5263 0
5264 0
5267 1
5268 0
5269 1
5270 1
5273 0
5274 0
5278 1
5281 0
5283 0
5285 1
5288 1
5290 1
5292 1
5293 1
5297 0
5298 1
5303 1
5304 0
5305 0
5306 1
5307 0
5310 1
5311 0
5312 0
5314 1
5315 0
5318 0
5319 1
5320 0
5325 1
5326 0
5327 1
5328 0
5331 1
5336 0
5337 0
5338 0
5340 1
5343 0
5344 1
5345 1
5346 1
5348 1
5349 0
5350 1
5351 1
5352 0
5355 0
5358 1
5360 1
5363 1
5365 1
5367 0
5368 1
5369 0
5370 0
5371 0
5373 0
5374 1
5378 0
5379 1
5380 0
5383 0
5384 1
5385 0
5387 0
5388 0
5389 1
5391 0
5393 0
5395 0
5396 0
5397 0
5398 1
5404 0
5405 1
5406 0
5407 1
5408 0
5410 0
5413 0
5414 0
5416 0
5417 0
5418 0
5419 0
5420 1
5421 0
5423 0
5424 1
5429 1
5430 1
5431 0
5433 0
5434 0
5436 1
5438 1
5439 0
5440 1
5441 0
5445 1
5448 0
5450 1
5451 1
5453 0
5454 0
5455 1
5457 0
5461 0
5465 1
5467 1
5469 0
5470 0
5471 0
5475 1
5478 0
5481 1
5483 1
5485 0
5486 0
5487 0
5489 1
5496 0
5497 0
5499 0
5507 1
5508 1
5509 0
5510 1
5511 1
5514 1
5515 0
5517 0
5518 0
5519 1
5521 0
5522 1
5524 1
5526 0
5527 1
5530 0
5531 0
5535 0
5536 1
5539 0
5541 0
5542 1
5544 0
5547 0
5549 1
5550 0
5552 0
5554 0
5559 1
5563 1
5566 0
5568 0
5573 0
5574 1
5576 0
5577 0
5579 1
5582 0
5583 1
5584 0
5585 1
5586 0
5588 1
5590 0
5591 0
5592 0
5593 0
5599 0
5600 0
5601 1
5603 1
5605 1
5606 0
5608 0
5609 0
5611 1
5613 1
5614 1
5615 0
5618 0
5620 0
5624 1
5625 0
5629 0
5630 1
5631 1
5636 0
5637 1
5639 0
5640 0
5641 0
5644 0
5645 0
5647 1
5648 0
5652 1
5653 0
5654 0
5655 1
5657 0
5658 1
5660 0
5662 1
5664 0
5668 1
5669 0
5672 1
5674 0
5676 1
5679 0
5680 1
5682 0
5685 1
5686 1
5687 1
5693 1
5695 1
5696 0
5697 0
5699 0
5700 0
5701 0
5702 0
5704 0
5705 0
5710 0
5713 0
5714 0
5715 0
5716 1
5718 0
5719 0
5723 0
5728 1
5729 0
5730 1
5731 0
5732 1
5735 0
5736 0
5738 1
5740 1
5741 1
5742 0
5743 0
5747 1
5749 0
5752 1
5755 1
5756 0
5757 0
5760 1
5761 0
5762 0
5764 0
5765 0
5768 0
5769 0
5773 1
5779 1
5780 1
5781 0
5782 0
5783 0
5784 0
5786 1
5788 0
5789 1
5790 0
5791 0
5794 0
5796 0
5799 0
5803 1
5805 0
5806 1
5811 0
5812 0
5813 0
5814 0
5815 1
5817 0
5818 0
5819 0
5821 0
5824 0
5825 0
5826 1
5828 0
5829 0
5830 0
5831 1
5836 0
5838 1
5839 0
5840 0
5841 0
5843 0
5845 1
5850 0
5851 0
5852 0
5853 0
5854 0
5856 0
5859 0
5860 1
5861 1
5863 1
5864 0
5867 0
5868 0
5873 1
5874 0
5875 1
5877 0
5878 1
5879 0
5881 1
5884 1
5885 0
5888 0
5889 1
5893 0
5894 1
5895 1
5897 0
5899 0
5901 0
5903 0
5905 0
5906 0
5908 1
5909 1
5910 1
5911 1
5912 0
5914 1
5917 0
5918 0
5919 0
5920 0
5923 1
5928 1
5930 0
5938 1
5940 0
5947 1
5948 1
5951 0
5952 1
5954 1
5956 0
5960 1
5961 0
5963 0
5964 1
5968 0
5970 0
5971 0
5975 1
5979 0
5980 0
5981 1
5983 1
5984 1
5985 0
5988 1
5989 1
5990 1
5991 1
5992 0
5995 0
5996 1
5998 0
6000 0
6001 1
6004 0
6005 1
6009 0
6011 0
6012 1
6018 1
6020 0
6023 0
6025 0
6026 0
6027 0
6028 1
6029 0
6030 1
6033 1
6035 1
6038 1
6041 0
6042 1
6043 1
6045 1
6046 0
6055 0
6058 1
6061 1
6062 1
6065 1
6066 1
6067 1
6069 1
6070 1
6071 1
6073 1
6074 1
6078 0
6079 1
6084 0
6088 0
6089 1
6091 0
6095 1
6096 1
6097 1
6098 1
6100 0
6103 0
6104 0
6105 0
6107 0
6108 0
6111 1
6117 0
6120 0
6123 1
6124 1
6125 1
6128 0
6129 1
6130 1
6131 0
6133 1
6134 1
6135 0
6136 0
6139 0
6140 0
6141 0
6146 0
6148 0
6150 1
6151 0
6153 1
6156 1
6158 0
6159 1
6161 1
6162 0
6163 0
6166 0
6170 0
6171 0
6172 1
6174 0
6175 0
6176 0
6177 1
6179 1
6180 1
6181 0
6183 1
6184 1
6185 1
6187 1
6188 1
6189 1
6190 0
6196 0
6198 0
6201 0
6202 1
6203 0
6206 1
6208 1
6209 1
6210 0
6212 0
6214 1
6215 0
6216 0
6218 1
6219 1
6220 1
6221 1
6222 0
6223 0
6224 0
6225 1
6229 0
6230 0
6233 0
6234 0
6235 0
6236 0
6238 0
6240 1
6241 1
6243 0
6247 0
6249 0
6250 0
6251 0
6252 0
6254 1
6258 1
6259 0
6260 0
6261 0
6262 0
6264 1
6267 0
6269 1
6270 0
6272 0
6275 1
6276 1
6277 1
6279 1
6281 0
6282 0
6284 1
6285 0
6286 0
6289 1
6290 0
6291 0
6295 0
6296 0
6299 1
6300 0
6301 0
6304 0
6305 0
6306 0
6309 0
6314 0
6318 1
6319 0
6320 0
6321 0
6323 0
6325 0
6329 0
6330 1
6335 0
6337 0
6338 0
6339 0
6341 1
6344 0
6346 1
6348 1
6349 1
6350 1
6351 0
6352 1
6353 1
6355 0
6357 1
6362 1
6363 1
6366 0
6367 1
6369 1
6371 1
6374 0
6375 1
6377 1
6381 1
6382 0
6385 0
6387 1
6391 1
6392 0
6395 1
6396 1
6398 0
6400 1
6404 0
6409 0
6411 0
6417 0
6418 0
6419 0
6421 1
6424 1
6425 0
6427 1
6428 1
6429 0
6430 1
6433 0
6434 1
6436 0
6437 0
6438 0
6440 1
6442 0
6443 0
6444 0
6445 0
6447 0
6448 1
6449 0
6450 1
6455 0
6456 1
6458 1
6459 0
6462 0
6463 1
6465 0
6466 0
6468 1
6470 1
6472 0
6473 0
6474 0
6475 0
6476 0
6480 1
6482 0
6483 1
6484 1
6486 0
6488 1
6492 1
6495 1
6497 1
6499 0
6501 0
6503 0
6506 1
6507 0
6509 1
6512 0
6515 1
6519 0
6520 1
6523 1
6524 1
6529 1
6530 0
6532 0
6534 1
6536 0
6538 0
6542 1
6543 1
6547 0
6548 0
6549 1
6550 1
6551 0
6553 1
6556 1
6560 1
6562 0
6564 0
6565 1
6569 1
6570 1
6572 1
6575 1
6576 1
6578 1
6583 1
6584 1
6585 1
6587 0
6588 0
6593 0
6595 1
6597 1
6599 0
6602 0
6603 1
6605 1
6606 0
6609 1
6610 0
6611 0
6612 1
6617 0
6618 0
6619 0
6621 0
6622 0
6625 1
6626 1
6627 0
6628 0
6631 0
6632 0
6635 0
6636 0
6637 1
6638 0
6643 1
6645 0
6647 0
6648 0
6652 0
6654 0
6657 0
6658 1
6660 0
6661 1
6664 1
6666 1
6667 1
6668 0
6670 1
6671 1
6673 1
6674 1
6677 0
6678 1
6679 1
6681 0
6682 1
6684 0
6687 1
6689 1
6690 1
6694 0
6695 1
6696 1
6697 1
6698 0
6699 1
6702 1
6703 1
6704 1
6706 1
6707 1
6708 1
6709 1
6714 0
6718 1
6719 1
6722 0
6725 0
6726 0
6727 1
6730 0
6731 0
6734 1
6735 0
6736 0
6738 1
6739 1
6740 1
6747 1
6748 0
6751 0
6753 0
6755 0
6759 0
6760 0
6761 1
6762 0
6765 0
6766 1
6768 0
6769 0
6772 0
6773 0
6777 1
6781 0
6782 1
6783 1
6784 1
6786 1
6789 1
6794 1
6797 0
6799 0
6800 0
6802 1
6803 1
6805 0
6806 1
6808 0
6810 1
6813 0
6814 1
6819 0
6821 0
6822 1
6824 0
6825 0
6827 1
6828 1
6829 1
6833 0
6835 1
6836 0
6838 0
6839 0
6840 1
6841 0
6842 0
6844 1
6845 0
6847 0
6848 0
6849 0
6850 1
6852 1
6855 0
6858 0
6859 0
6860 1
6862 1
6864 0
6865 0
6866 0
6867 1
6868 1
6869 1
6874 0
6876 0
6878 1
6880 0
6883 1
6884 0
6886 0
6887 0
6892 0
6893 0
6896 0
6899 0
6900 0
6903 1
6908 0
6909 1
6910 0
6911 1
6912 0
6914 0
6916 1
6917 0
6918 0
6919 0
6922 1
6924 1
6930 0
6931 0
6932 0
6933 0
6934 0
6935 0
6939 0
6940 1
6943 1
6944 0
6945 1
6947 1
6948 1
6949 0
6950 0
6952 0
6953 1
6956 1
6958 0
6959 0
6962 1
6963 0
6965 0
6966 0
6968 0
6971 0
6972 0
6976 1
6981 1
6983 1
6987 1
6988 1
6989 0
6990 0
6994 0
6995 1
7002 1
7003 1
7004 0
7006 0
7007 0
7008 0
7009 0
7011 0
7016 0
7018 0
7020 0
7021 0
7022 1
7023 0
7025 0
7029 0
7031 1
7033 0
7035 0
7036 1
7038 0
7039 0
7040 0
7042 1
7045 0
7046 0
7048 0
7049 0
7050 0
7052 0
7054 0
7056 0
7058 1
7059 1
7062 0
7064 0
7065 0
7068 0
7070 0
7071 0
7072 0
7073 0
7074 1
7075 0
7077 1
7078 0
7079 1
7080 0
7084 0
7086 0
7088 0
7089 1
7090 0
7092 1
7093 1
7095 1
7097 0
7100 1
7101 0
7104 0
7105 0
7108 1
7109 0
7113 1
7114 1
7117 1
7121 0
7122 1
7123 1
7125 1
7128 0
7129 1
7130 1
7132 1
7133 1
7138 0
7139 1
7140 1
7141 0
7144 0
7146 1
7147 0
7148 1
7149 1
7150 1
7152 0
7153 1
7154 0
7159 1
7162 0
7163 0
7165 0
7166 1
7167 1
7168 0
7172 1
7174 0
7177 0
7180 0
7182 0
7184 0
7185 0
7187 1
7189 1
7191 0
7193 1
7194 0
7197 1
7200 0
7204 0
7205 1
7208 1
7210 1
7211 0
7212 0
7213 0
7214 0
7215 0
7216 0
7217 0
7219 1
7222 0
7223 1
7224 0
7227 0
7230 0
7234 1
7236 0
7241 1
7243 1
7244 1
7245 0
7247 0
7249 1
7250 0
7256 0
7258 1
7259 0
7260 1
7261 1
7263 1
7266 0
7270 0
7271 1
7274 0
7275 1
7276 1
7279 1
7280 1
7283 0
7284 1
7285 1
7289 1
7292 0
7294 0
7295 0
7296 0
7297 1
7298 0
7299 1
7300 0
7302 0
7305 0
7308 1
7311 0
7314 0
7318 1
7322 0
7323 0
7325 0
7327 0
7329 0
7330 0
7334 0
7336 0
7343 0
7344 0
7346 1
7350 1
7351 0
7356 0
7359 0
7361 0
7363 1
7365 1
7369 1
7370 0
7372 0
7373 0
7374 0
7375 0
7376 1
7381 0
7383 1
7385 0
7388 0
7389 0
7390 0
7394 0
7396 1
7398 0
7408 1
7410 1
7411 0
7413 1
7414 1
7416 0
7417 1
7419 0
7421 0
7422 1
7424 1
7425 1
7427 1
7431 1
7432 1
7433 1
7435 0
7436 0
7437 0
7438 1
7439 0
7443 0
7445 0
7446 0
7448 1
7449 0
7451 1
7454 0
7457 0
7458 0
7460 0
7461 1
7465 0
7466 1
7467 1
7468 0
7470 1
7474 0
7475 0
7477 0
7479 0
7480 1
7481 1
7482 0
7483 1
7484 0
7486 1
7489 0
7490 1
7491 0
7493 0
7497 0
7498 0
7503 0
7506 0
7511 0
7513 0
7517 0
7519 0
7521 0
7523 0
7524 0
7525 1
7526 0
7527 1
7528 0
7530 0
7533 1
7535 0
7536 1
7537 0
7538 0
7540 0
7543 0
7544 1
7546 1
7547 0
7551 0
7555 1
7558 0
7559 1
7563 0
7565 0
7566 1
7568 0
7570 0
7571 0
7572 0
7575 1
7576 0
7578 1
7579 0
7585 0
7586 1
7590 0
7592 1
7594 0
7600 0
7601 1
7603 0
7605 0
7606 1
7611 1
7612 1
7614 1
7615 1
7618 0
7619 0
7621 0
7622 0
7624 1
7626 0
7629 1
7631 0
7633 0
7637 1
7639 0
7640 0
7642 0
7647 1
7649 0
7650 0
7653 0
7654 0
7655 0
7656 0
7657 1
7662 0
7663 0
7664 0
7666 0
7667 0
7668 0
7670 0
7671 0
7672 1
7673 1
7675 0
7677 1
7678 0
7679 0
7680 0
7682 0
7683 0
7685 0
7687 1
7688 1
7691 1
7692 1
7694 1
7696 0
7697 1
7699 0
7702 0
7704 1
7705 0
7709 0
7712 0
7713 0
7715 1
7718 0
7720 0
7721 0
7723 0
7724 1
7727 0
7729 1
7731 1
7732 1
7735 0
7736 0
7740 0
7742 0
7743 0
7745 1
7746 0
7748 0
7749 0
7751 0
7753 0
7754 1
7758 1
7760 0
7762 0
7763 0
7765 0
7767 0
7768 0
7772 1
7773 0
7775 0
7776 1
7777 0
7779 0
7781 1
7786 1
7790 1
7791 1
7793 1
7795 0
7798 0
7799 0
7803 0
7809 1
7810 0
7812 1
7813 0
7814 1
7815 1
7819 1
7820 1
7821 0
7824 1
7826 0
7831 0
7833 1
7834 0
7836 0
7838 0
7840 0
7841 0
7843 0
7845 0
7847 0
7853 1
7854 0
7855 0
7856 0
7857 0
7859 0
7863 0
7864 1
7865 1
7868 0
7869 0
7872 1
7873 1
7876 0
7877 0
7878 0
7883 1
7884 1
7885 0
7886 1
7889 0
7890 1
7897 0
7898 0
7899 0
7900 0
7901 0
7902 1
7905 1
7908 0
7909 1
7910 1
7911 1
7914 0
7915 0
7916 1
7919 1
7920 0
7921 0
7923 1
7924 1
7925 1
7926 1
7928 1
7931 1
7932 1
7933 0
7935 1
7939 0
7940 0
7943 0
7946 1
7947 0
7950 0
7953 0
7954 0
7956 0
7958 1
7959 1
7963 1
7964 0
7968 0
7970 1
7971 1
7974 0
7976 1
7979 1
7980 0
7984 0
7987 1
7991 1
7996 0
7997 0
7998 0
7999 0
8001 0
8002 1
8004 1
8005 1
8008 0
8009 1
8012 1
8017 0
8019 0
8023 0
8024 0
8026 0
8029 1
8031 0
8032 1
8033 0
8036 0
8037 0
8040 0
8042 1
8043 0
8044 0
8048 1
8049 1
8051 1
8053 0
8057 0
8060 0
8061 0
8062 1
8063 1
8064 0
8067 0
8068 1
8069 1
8072 0
8075 1
8076 0
8079 0
8082 1
8083 0
8084 1
8085 0
8086 0
8087 0
8091 0
8093 0
8095 0
8096 1
8098 0
8100 0
8101 0
8103 0
8105 1
8106 0
8107 1
8108 0
8112 0
8115 0
8116 0
8117 1
8121 0
8122 0
8125 0
8127 1
8130 0
8132 0
8137 0
8138 0
8139 0
8140 0
8141 0
8142 0
8144 1
8150 1
8151 1
8159 1
8160 0
8163 0
8164 1
8166 0
8168 1
8169 0
8171 0
8173 0
8174 0
8175 0
8177 0
8180 0
8186 0
8188 0
8189 1
8190 1
8191 1
8197 0
8199 1
8200 0
8202 0
8203 1
8204 0
8208 0
8209 0
8211 0
8213 0
8216 0
8218 0
8220 1
8222 0
8223 1
8224 1
8225 1
8226 0
8229 0
8232 0
8235 0
8236 1
8241 1
8244 0
8248 1
8250 1
8251 0
8252 0
8253 1
8254 1
8258 1
8260 1
8261 0
8262 1
8263 1
8268 0
8269 0
8272 0
8275 0
8279 1
8280 0
8281 0
8282 0
8284 0
8285 1
8292 0
8293 1
8294 1
8295 0
8296 1
8297 0
8299 1
8300 0
8301 1
8302 0
8306 1
8307 1
8310 0
8311 0
8312 0
8313 0
8315 0
8316 0
8317 1
8318 1
8319 1
8320 0
8322 1
8323 1
8326 0
8327 0
8329 1
8332 1
8335 0
8336 1
8338 0
8341 0
8342 1
8345 0
8346 1
8349 0
8351 1
8355 0
8359 1
8360 0
8364 0
8365 1
8368 1
8370 0
8372 0
8374 0
8376 0
8381 1
8384 0
8385 0
8386 1
8387 0
8388 0
8390 0
8391 0
8397 0
8398 1
8403 0
8409 0
8410 0
8413 0
8415 1
8416 0
8422 1
8423 1
8424 0
8425 0
8426 1
8427 1
8429 0
8430 0
8433 1
8434 0
8437 0
8438 0
8442 0
8443 1
8444 0
8445 0
8449 0
8450 1
8452 1
8453 0
8454 1
8456 1
8461 1
8462 0
8465 0
8466 0
8467 1
8468 1
8470 0
8472 0
8475 0
8477 1
8478 1
8482 0
8483 0
8484 0
8485 1
8492 0
8494 0
8495 0
8498 0
8499 1
8502 0
8503 0
8506 0
8509 0
8512 1
8513 0
8514 0
8517 1
8518 1
8519 0
8521 1
8522 0
8523 1
8524 0
8526 1
8529 1
8530 1
8533 1
8534 1
8535 0
8536 0
8541 1
8542 0
8549 1
8550 0
8553 0
8556 0
8557 1
8558 1
8559 0
8562 1
8564 1
8568 1
8572 0
8573 0
8576 1
8581 0
8582 0
8584 1
8585 1
8586 0
8587 1
8588 0
8592 1
8595 0
8596 0
8601 0
8602 0
8604 1
8606 0
8607 0
8608 1
8610 1
8612 0
8615 0
8617 1
8618 1
8620 1
8621 0
8624 0
8628 1
8633 0
8635 1
8636 0
8638 0
8639 0
8644 0
8645 0
8647 0
8653 0
8654 1
8655 0
8663 0
8665 0
8667 0
8670 0
8676 1
8680 1
8683 0
8687 0
8688 0
8690 1
8691 0
8692 1
8695 1
8698 1
8699 1
8701 1
8702 0
8706 0
8709 1
8710 0
8713 0
8716 0
8717 1
8718 0
8720 0
8722 1
8723 1
8725 0
8727 1
8728 0
8730 0
8731 0
8732 1
8733 0
8738 1
8739 0
8741 0
8742 0
8744 0
8747 1
8748 0
8749 0
8750 1
8752 1
8753 0
8755 1
8756 0
8757 1
8759 1
8760 0
8764 0
8766 0
8768 0
8769 0
8770 0
8771 1
8772 0
8773 1
8775 0
8776 1
8783 1
8784 0
8790 0
8793 0
8794 1
8796 1
8799 1
8801 0
8805 0
8806 0
8809 1
8810 0
8811 0
8813 1
8814 0
8815 0
8817 0
8819 1
8822 0
8823 0
8826 0
8831 0
8833 0
8835 0
8836 1
8837 1
8838 0
8840 1
8841 0
8843 0
8847 0
8848 1
8849 0
8854 0
8856 0
8858 0
8859 0
8862 0
8865 1
8867 1
8871 1
8872 0
8873 0
8874 1
8876 0
8878 1
8879 0
8880 0
8883 0
8884 0
8885 0
8886 1
8888 1
8890 1
8891 0
8892 0
8900 0
8905 1
8909 0
8911 1
8913 1
8914 1
8917 1
8919 1
8920 0
8921 0
8923 0
8926 0
8927 0
8929 1
8930 1
8931 0
8932 0
8933 1
8936 1
8939 0
8940 0
8942 0
8943 0
8944 0
8948 1
8951 0
8953 0
8955 0
8958 0
8960 1
8961 1
8962 0
8965 0
8966 0
8967 0
8968 0
8969 0
8970 0
8971 0
8973 1
8975 0
8976 1
8978 0
8979 1
8980 0
8982 0
8983 0
8985 1
8987 1
8988 0
8989 1
8995 0
8997 1
8999 0
9000 0
9002 0
9004 0
9005 1
9006 0
9007 1
9015 0
9016 1
9018 1
9019 1
9020 0
9022 1
9024 1
9027 0
9029 1
9032 0
9034 1
9035 1
9036 0
9037 1
9039 1
9042 1
9045 0
9048 1
9049 0
9051 0
9053 1
9058 0
9059 1
9060 1
9063 0
9064 1
9066 1
9068 0
9072 1
9073 0
9078 0
9079 1
9080 1
9085 0
9086 1
9087 1
9089 0
9091 1
9094 1
9098 0
9099 1
9100 1
9105 1
9106 0
9108 0
9112 0
9113 1
9114 0
9116 1
9117 0
9121 0
9123 1
9126 0
9128 0
9129 1
9131 1
9133 1
9136 0
9138 0
9141 0
9144 0
9147 1
9148 1
9150 0
9151 0
9153 0
9155 1
9157 1
9159 1
9160 0
9161 1
9162 1
9163 0
9166 0
9168 0
9173 0
9174 0
9175 0
9177 1
9178 0
9179 0
9180 1
9181 1
9184 0
9185 0
9186 0
9187 1
9189 1
9191 0
9192 0
9193 1
9194 0
9195 0
9196 0
9197 0
9200 0
9202 1
9205 0
9208 0
9209 0
9212 0
9213 0
9214 0
9215 1
9218 0
9221 1
9224 0
9227 0
9230 0
9236 1
9238 0
9239 1
9242 0
9244 0
9245 0
9246 0
9247 1
9249 0
9250 0
9251 1
9252 1
9254 1
9255 1
9259 0
9268 1
9269 1
9270 0
9271 0
9272 1
9273 1
9278 0
9279 0
9281 0
9282 0
9283 0
9285 1
9286 1
9287 0
9288 0
9289 0
9290 0
9291 0
9295 0
9296 1
9299 0
9303 1
9306 0
9307 1
9308 0
9309 0
9312 1
9315 1
9316 1
9318 1
9323 0
9324 0
9325 0
9326 1
9327 0
9330 0
9331 1
9333 1
9334 0
9336 1
9337 1
9339 0
9342 0
9343 1
9347 1
9348 1
9349 0
9350 0
9351 0
9354 0
9358 0
9359 1
9362 0
9365 0
9368 0
9371 1
9373 1
9374 1
9375 1
9377 0
9378 1
9382 1
9386 1
9388 1
9389 0
9392 0
9393 1
9394 0
9398 1
9401 1
9405 0
9406 0
9407 0
9408 1
9409 1
9410 0
9411 1
9412 0
9413 1
9414 1
9417 0
9418 0
9419 0
9420 1
9421 0
9422 1
9424 1
9429 1
9432 1
9433 0
9434 0
9437 1
9438 1
9439 0
9440 1
9443 0
9445 0
9446 0
9448 1
9454 0
9455 1
9456 0
9457 0
9458 1
9459 0
9460 0
9461 0
9463 1
9464 0
9465 1
9466 0
9468 0
9469 0
9470 0
9472 0
9476 1
9477 0
9479 0
9480 0
9481 0
9484 1
9488 0
9490 1
9491 0
9494 0
9496 1
9497 0
9499 0
9500 0
9502 1
9504 1
9507 0
9508 0
9512 1
9515 0
9516 1
9517 0
9518 1
9519 0
9520 0
9523 0
9524 0
9526 1
9527 1
9528 1
9531 0
9532 0
9533 1
9537 0
9540 0
9541 0
9542 0
9543 0
9545 0
9546 1
9549 0
9550 0
9551 0
9557 1
9558 0
9560 0
9562 0
9565 0
9566 1
9567 1
9568 0
9571 0
9573 0
9576 0
9577 1
9579 0
9580 0
9584 1
9585 0
9586 1
9587 1
9588 0
9591 0
9596 0
9597 0
9598 0
9600 0
9603 0
9605 0
9609 0
9611 0
9613 0
9614 0
9615 0
9617 0
9618 0
9619 0
9620 1
9621 0
9623 0
9627 1
9629 1
9634 0
9636 0
9637 1
9638 1
9641 0
9644 0
9647 0
9649 1
9650 0
9654 0
9655 0
9656 0
9658 0
9659 0
9664 0
9666 0
9667 0
9668 1
9670 0
9671 1
9676 0
9678 0
9679 1
9681 0
9684 0
9685 1
9686 0
9687 0
9691 0
9692 1
9693 0
9695 0
9698 0
9699 1
9700 1
9702 0
9703 1
9706 0
9707 1
9709 1
9710 0
9711 1
9712 0
9713 0
9717 0
9718 1
9719 1
9721 0
9724 0
9726 1
9729 1
9732 1
9733 1
9734 0
9735 0
9737 1
9738 0
9743 1
9745 0
9746 0
9747 0
9748 1
9749 0
9754 0
9755 0
9756 1
9758 1
9761 0
9762 0
9763 1
9764 1
9767 0
9772 0
9773 0
9774 0
9776 0
9778 1
9780 0
9781 1
9785 1
9789 0
9790 0
9792 1
9794 1
9796 0
9797 0
9800 1
9801 0
9805 1
9807 0
9808 0
9809 0
9810 0
9813 1
9816 1
9819 0
9822 0
9823 1
9825 1
9828 0
9830 1
9831 0
9832 0
9833 0
9834 0
9836 0
9839 1
9841 0
9842 0
9845 0
9848 1
9851 0
9852 0
9855 0
9858 1
9859 0
9860 1
9862 1
9863 1
9865 0
9867 1
9868 0
9869 0
9870 1
9872 1
9874 0
9877 0
9878 0
9879 0
9880 0
9881 1
9882 0
9884 0
9886 0
9887 0
9894 0
9896 0
9897 0
9898 0
9900 0
9902 0
9904 0
9905 0
9908 1
9911 0
9913 0
9917 0
9918 1
9920 1
9923 1
9926 0
9932 0
9935 1
9938 1
9939 0
9940 0
9942 1
9944 0
9945 0
9946 0
9947 0
9949 0
9950 1
9954 1
9955 1
9958 1
9959 0
9961 0
