5 0
7 0
9 1
12 0
16 0
17 0
19 1
20 0
21 1
23 0
24 0
26 0
30 0
32 0
33 1
34 0
35 1
36 0
39 0
41 0
42 0
44 0
46 1
47 0
48 0
50 0
51 1
52 0
60 0
61 1
63 0
64 0
65 1
66 1
72 0
73 1
77 0
78 0
81 1
83 0
89 1
91 0
93 0
95 0
99 0
101 0
102 0
104 0
107 1
109 0
110 0
112 1
113 0
117 0
118 0
120 0
121 1
122 0
123 0
125 0
129 0
130 1
131 1
132 1
133 0
134 1
138 1
140 0
141 0
142 0
143 0
146 1
147 0
150 0
153 0
154 0
156 0
158 0
159 0
161 0
162 0
163 1
164 0
165 0
169 1
170 1
171 0
173 0
174 0
177 0
180 1
184 0
187 0
189 0
190 0
192 0
193 0
194 1
198 0
200 1
203 0
207 0
208 0
209 1
210 0
211 0
214 1
215 1
218 1
219 0
220 0
221 0
222 1
224 1
225 0
228 1
229 1
232 0
233 0
235 1
236 1
241 0
242 0
244 0
245 0
246 0
249 0
250 0
251 1
256 0
257 0
259 1
262 0
263 1
266 0
268 1
269 1
270 1
275 0
276 0
278 1
282 0
285 0
288 1
289 0
294 0
296 1
298 0
302 1
303 1
304 1
305 0
306 1
307 0
308 1
311 1
312 0
317 0
318 1
320 0
321 0
322 0
323 0
325 0
328 0
329 0
331 1
332 1
334 0
336 1
337 0
338 1
340 1
343 0
344 0
347 0
349 1
352 0
354 1
355 1
359 0
363 0
367 0
370 1
372 0
373 1
374 0
379 0
380 1
381 0
382 0
387 0
391 1
394 0
395 0
396 0
400 0
403 1
404 1
406 0
407 0
408 0
411 1
416 1
417 0
419 0
420 0
424 0
427 0
428 1
430 1
431 0
433 0
435 0
438 1
439 0
443 1
446 1
448 0
450 0
454 0
459 1
460 1
461 0
462 1
463 0
464 1
468 1
469 1
470 0
474 0
476 0
477 1
480 0
482 0
483 0
484 1
486 0
489 1
491 0
492 1
494 0
496 1
498 1
499 1
500 0
501 0
503 1
508 0
509 0
513 1
514 0
515 0
516 0
518 0
519 1
520 1
522 0
523 1
524 1
525 0
526 0
528 1
530 0
531 1
535 1
537 0
540 1
541 1
543 1
544 0
545 0
549 1
550 0
552 1
554 0
555 0
559 1
563 1
564 1
565 1
577 0
579 0
581 1
582 1
583 0
588 0
589 1
590 0
591 0
592 0
597 0
598 0
599 0
601 0
605 0
608 1
609 0
610 1
612 0
613 0
619 1
620 0
622 0
625 1
626 0
628 1
632 0
633 1
635 0
637 0
645 0
647 1
648 1
653 0
654 0
656 0
657 0
660 0
661 1
663 1
667 0
671 1
672 0
675 1
676 1
677 1
680 1
682 1
684 0
685 1
686 0
688 1
689 0
690 0
694 1
695 0
699 1
700 1
702 0
705 1
707 0
709 0
710 1
711 1
712 1
713 0
714 0
717 0
720 1
726 0
728 0
729 0
730 1
731 0
733 0
738 0
739 1
740 1
742 1
746 1
748 0
750 1
752 1
753 0
754 0
755 0
756 1
760 1
761 0
763 0
764 1
767 0
768 1
770 1
771 0
772 1
774 0
776 1
777 0
780 0
782 0
786 1
787 0
791 1
793 0
794 1
796 1
797 0
799 1
800 1
802 1
804 0
805 1
806 1
808 0
810 0
812 0
814 1
815 1
816 0
818 0
820 0
822 1
823 1
826 0
827 1
828 0
829 0
830 1
831 0
832 0
834 1
842 0
843 0
845 1
847 1
848 1
849 1
850 0
851 0
854 0
855 1
857 0
859 0
860 1
862 0
863 1
865 1
867 1
868 0
871 1
872 0
874 1
876 1
878 1
879 1
880 0
882 0
885 0
887 0
888 1
889 0
892 1
895 1
896 0
898 1
899 0
900 1
902 0
903 1
904 0
906 0
908 0
911 1
912 0
915 1
917 0
918 1
919 0
920 1
921 0
923 1
926 1
929 1
931 1
934 1
935 0
936 1
937 1
943 0
946 0
947 0
948 1
949 1
950 0
951 1
954 0
958 0
962 0
964 1
965 0
966 0
967 0
971 0
972 0
973 0
977 0
980 1
982 0
987 1
989 1
991 0
993 1
996 1
997 1
999 0
1001 0
1002 1
1004 1
1008 0
1009 1
1010 0
1011 1
1012 0
1014 0
1015 1
1017 1
1018 1
1024 0
1027 1
1028 0
1036 1
1041 0
1042 1
1043 1
1045 1
1050 0
1052 1
1053 0
1056 0
1057 0
1060 1
1061 0
1062 1
1064 0
1066 1
1068 0
1069 1
1071 0
1072 0
1073 1
1074 0
1077 1
1078 0
1079 1
1082 0
1083 0
1084 1
1091 0
1092 1
1093 0
1097 1
1101 0
1102 0
1104 0
1106 0
1107 0
1109 1
1110 1
1112 0
1113 0
1119 0
1121 1
1124 0
1125 1
1127 1
1129 0
1130 1
1136 0
1137 0
1140 0
1142 1
1143 1
1144 0
1145 1
1147 1
1148 1
1149 0
1151 0
1152 0
1154 1
1156 0
1158 0
1160 0
1161 1
1164 1
1166 0
1168 0
1170 0
1171 0
1172 0
1174 1
1175 0
1176 1
1182 0
1184 0
1185 1
1186 0
1187 0
1191 1
1192 0
1194 0
1199 0
1200 1
1201 0
1203 1
1204 1
1205 0
1206 0
1207 1
1209 0
1211 0
1212 0
1214 1
1215 1
1221 0
1224 0
1225 0
1226 1
1229 0
1230 0
1231 1
1233 1
1234 0
1236 0
1237 1
1239 0
1240 0
1241 0
1247 1
1248 0
1250 1
1254 1
1258 0
1259 0
1260 1
1263 0
1265 1
1266 0
1268 1
1269 0
1270 1
1272 0
1273 0
1274 0
1277 0
1279 0
1281 1
1284 1
1286 1
1287 1
1288 0
1289 1
1290 1
1292 0
1293 1
1294 0
1298 1
1299 0
1304 1
1309 1
1310 0
1311 0
1312 0
1314 0
1315 0
1316 0
1323 0
1324 1
1325 1
1326 1
1327 0
1330 1
1332 1
1333 0
1334 0
1337 0
1341 0
1343 1
1345 1
1346 0
1348 0
1350 0
1352 1
1360 0
1361 1
1362 1
1364 0
1365 1
1371 0
1375 1
1378 1
1383 0
1384 0
1385 0
1386 0
1387 0
1388 0
1390 0
1393 0
1395 0
1397 0
1400 0
1402 0
1404 1
1405 1
1406 1
1408 1
1409 0
1413 0
1414 0
1418 0
1420 0
1421 0
1426 0
1427 0
1430 1
1432 0
1434 0
1436 0
1439 1
1441 1
1442 1
1443 0
1444 0
1445 1
1450 1
1451 0
1453 0
1455 0
1457 1
1460 0
1463 0
1464 1
1465 1
1466 1
1467 1
1468 0
1470 1
1472 0
1475 0
1479 0
1480 0
1481 0
1483 0
1484 1
1485 0
1486 0
1488 0
1490 0
1492 0
1493 0
1494 0
1497 1
1498 1
1499 0
1501 1
1504 0
1509 1
1510 0
1512 0
1514 0
1515 0
1517 1
1521 1
1522 0
1523 1
1524 0
1526 0
1528 0
1529 0
1531 1
1532 0
1536 1
1537 1
1539 0
1541 1
1543 0
1544 0
1545 0
1548 1
1553 0
1554 0
1555 0
1556 0
1557 0
1559 1
1561 1
1563 0
1565 0
1571 1
1576 1
1577 0
1579 0
1580 0
1582 0
1586 0
1588 0
1590 0
1593 0
1594 1
1595 0
1597 0
1598 1
1603 1
1604 1
1607 0
1608 0
1610 0
1611 1
1612 1
1614 1
1617 1
1618 0
1622 1
1627 0
1628 1
1630 1
1632 0
1633 1
1636 0
1638 0
1640 0
1642 0
1643 0
1647 0
1649 0
1650 1
1651 1
1653 1
1654 1
1661 0
1662 0
1669 1
1673 0
1675 1
1676 1
1677 1
1678 1
1680 0
1682 0
1683 0
1684 1
1685 0
1686 0
1688 0
1689 0
1690 1
1691 0
1693 0
1699 0
1707 1
1708 0
1711 0
1713 0
1714 0
1717 0
1718 1
1721 0
1723 0
1724 1
1725 0
1726 1
1727 0
1729 0
1730 1
1732 1
1733 0
1734 0
1738 0
1739 0
1741 0
1746 1
1747 1
1749 1
1750 0
1752 0
1754 0
1755 1
1756 1
1758 0
1759 0
1761 1
1765 1
1766 0
1768 0
1771 1
1772 0
1775 1
1777 0
1778 0
1780 1
1782 0
1784 0
1785 0
1787 1
1789 1
1793 0
1795 1
1797 1
1799 0
1800 0
1801 1
1806 0
1807 0
1809 1
1810 0
1816 1
1818 1
1821 0
1825 0
1827 1
1828 1
1830 0
1832 0
1833 0
1834 0
1836 1
1837 1
1840 0
1841 0
1842 0
1843 1
1845 1
1847 0
1849 0
1853 1
1854 1
1855 0
1858 0
1860 0
1861 1
1862 0
1864 1
1870 0
1872 1
1875 0
1877 0
1878 0
1881 0
1882 1
1887 1
1888 0
1892 0
1894 1
1896 0
1898 0
1899 0
1901 0
1902 0
1903 1
1904 0
1906 0
1907 1
1911 1
1915 1
1918 1
1920 0
1922 0
1927 1
1928 0
1930 0
1931 0
1932 0
1933 1
1934 1
1936 1
1937 1
1938 1
1940 1
1941 1
1944 1
1945 0
1948 1
1950 0
1952 0
1954 0
1958 1
1960 1
1962 0
1963 1
1964 0
1970 1
1971 1
1972 1
1976 0
1977 0
1978 0
1980 1
1981 1
1982 0
1985 0
1989 1
1995 0
1999 0
2000 1
2001 0
2002 0
2004 1
2006 1
2011 0
2012 1
2015 1
2019 1
2020 0
2021 0
2022 0
2023 0
2024 1
2025 0
2027 0
2030 1
2034 1
2036 0
2037 0
2039 1
2042 0
2043 1
2045 0
2047 1
2049 0
2051 1
2054 1
2055 1
2056 1
2058 0
2061 1
2063 0
2064 1
2067 0
2068 1
2069 0
2070 0
2082 1
2083 1
2086 1
2088 0
2090 0
2091 1
2094 0
2095 0
2096 1
2098 0
2099 1
2101 0
2102 0
2104 0
2108 0
2109 0
2112 1
2114 1
2116 1
2117 0
2120 0
2124 0
2125 0
2126 0
2129 0
2132 0
2134 1
2135 1
2136 0
2139 1
2140 1
2142 1
2145 1
2146 1
2151 0
2152 0
2153 0
2155 0
2156 1
2158 0
2163 1
2165 1
2166 1
2169 1
2170 0
2171 1
2172 0
2174 1
2176 1
2178 0
2179 0
2180 1
2181 0
2182 0
2183 0
2184 1
2186 0
2187 1
2190 0
2191 1
2192 0
2193 0
2194 0
2196 0
2197 1
2199 0
2201 0
2202 1
2208 0
2209 1
2212 0
2213 0
2214 1
2215 0
2218 1
2219 0
2220 1
2221 0
2224 0
2226 0
2228 0
2233 0
2234 0
2237 1
2238 1
2241 1
2244 1
2247 1
2248 0
2249 1
2251 0
2253 0
2255 0
2256 1
2257 1
2259 1
2260 1
2261 1
2263 1
2265 0
2266 0
2267 0
2268 0
2270 0
2272 1
2273 0
2276 1
2277 1
2278 0
2279 1
2280 0
2281 1
2284 1
2285 0
2287 0
2288 0
2290 0
2291 0
2293 0
2300 0
2302 1
2305 0
2306 0
2307 1
2308 0
2310 1
2311 1
2315 0
2318 0
2320 1
2321 1
2323 1
2324 1
2328 1
2329 0
2330 1
2332 1
2333 0
2334 0
2335 0
2337 1
2340 0
2342 1
2343 1
2345 0
2347 0
2348 1
2350 1
2352 0
2354 0
2355 0
2359 0
2361 0
2362 1
2364 0
2366 0
2367 1
2368 1
2369 1
2371 1
2372 0
2373 0
2374 0
2375 0
2376 1
2377 1
2378 1
2382 0
2384 1
2385 0
2387 0
2391 0
2392 0
2393 0
2401 0
2403 0
2404 1
2405 1
2407 0
2410 1
2411 0
2413 0
2415 0
2417 0
2419 0
2420 1
2423 0
2425 0
2427 1
2433 1
2435 1
2436 1
2437 1
2439 0
2441 0
2442 0
2443 1
2444 1
2445 1
2448 0
2450 0
2452 0
2454 0
2456 1
2458 1
2459 0
2460 1
2461 1
2462 0
2465 1
2466 0
2468 1
2470 0
2471 1
2472 0
2476 1
2477 0
2478 0
2479 0
2480 0
2481 0
2483 0
2490 1
2491 0
2492 1
2493 1
2494 0
2496 0
2497 1
2500 0
2501 1
2502 0
2504 1
2505 1
2508 0
2512 1
2513 0
2514 1
2518 1
2519 1
2520 0
2523 0
2524 1
2525 0
2529 1
2533 1
2534 0
2537 0
2539 1
2540 0
2542 1
2544 0
2545 0
2546 0
2547 0
2549 1
2554 1
2555 1
2558 0
2559 0
2561 1
2563 1
2564 1
2565 1
2566 0
2567 0
2569 0
2571 0
2572 0
2578 0
2579 1
2584 0
2585 1
2586 0
2589 0
2590 0
2593 0
2594 0
2595 0
2598 1
2599 1
2600 0
2603 1
2605 1
2606 0
2609 1
2611 0
2613 1
2615 1
2618 0
2621 1
2625 0
2627 0
2632 1
2633 1
2634 1
2635 0
2636 0
2637 1
2641 1
2643 0
2645 1
2646 0
2647 0
2648 0
2649 0
2653 0
2657 0
2658 1
2659 0
2662 0
2664 1
2666 0
2667 1
2668 1
2669 1
2670 1
2675 1
2677 0
2678 0
2680 0
2682 0
2683 1
2684 0
2689 0
2690 0
2691 0
2693 0
2695 1
2696 0
2697 1
2699 0
2702 1
2704 0
2706 0
2709 1
2710 1
2713 0
2714 0
2715 0
2717 1
2718 0
2721 1
2722 0
2723 0
2727 1
2730 0
2732 0
2734 1
2735 1
2737 0
2738 0
2741 0
2744 0
2745 0
2747 0
2749 0
2751 0
2755 0
2757 0
2759 0
2760 0
2762 0
2763 1
2765 0
2766 1
2767 0
2772 1
2774 0
2775 0
2776 0
2778 0
2779 0
2782 1
2783 1
2784 1
2785 0
2786 0
2791 0
2794 0
2795 0
2796 0
2798 0
2800 0
2801 1
2803 1
2804 0
2807 1
2810 0
2812 1
2815 1
2816 1
2817 1
2820 1
2826 1
2827 1
2833 1
2834 0
2835 1
2836 0
2838 1
2841 0
2842 0
2844 0
2845 0
2847 1
2848 1
2854 1
2855 0
2858 0
2859 1
2864 0
2866 1
2867 0
2868 0
2869 0
2870 1
2873 1
2875 0
2879 1
2880 0
2881 1
2884 1
2886 0
2889 0
2891 1
2893 1
2896 1
2899 1
2901 0
2906 1
2910 0
2912 0
2913 0
2914 0
2915 0
2916 0
2917 0
2919 0
2924 0
2931 0
2932 0
2933 1
2934 1
2935 1
2937 0
2938 0
2939 0
2940 1
2941 0
2942 0
2943 0
2944 0
2946 1
2947 1
2952 1
2953 1
2954 1
2956 0
2957 0
2958 1
2960 0
2962 1
2963 1
2965 0
2966 1
2967 0
2969 0
2975 0
2976 0
2977 1
2978 1
2984 0
2986 0
2987 0
2988 0
2989 1
2990 0
2992 1
2994 0
2995 1
3000 0
3002 1
3003 0
3004 1
3005 0
3007 0
3008 0
3009 0
3011 0
3013 1
3015 0
3017 0
3021 1
3023 0
3024 1
3027 0
3028 0
3031 0
3032 0
3034 1
3038 0
3039 1
3042 0
3044 0
3045 0
3047 0
3051 1
3053 0
3054 1
3056 0
3057 1
3058 0
3061 0
3063 0
3064 0
3065 0
3066 0
3072 0
3074 0
3077 0
3078 0
3082 1
3083 0
3085 1
3086 0
3088 1
3089 0
3090 1
3092 0
3093 0
3094 0
3098 0
3100 1
3102 0
3103 0
3105 0
3106 0
3107 0
3108 0
3110 0
3112 0
3116 1
3117 1
3118 0
3120 1
3121 1
3122 1
3124 0
3126 0
3127 0
3129 0
3133 1
3134 0
3135 0
3137 0
3138 0
3140 0
3142 0
3145 0
3146 0
3147 1
3149 1
3150 0
3154 0
3155 0
3157 1
3159 0
3161 0
3162 1
3163 1
3164 0
3165 0
3169 0
3170 0
3175 0
3176 0
3177 1
3178 1
3181 0
3183 0
3184 1
3185 0
3186 0
3188 0
3189 1
3194 1
3195 0
3199 0
3200 0
3202 1
3204 1
3205 0
3207 0
3210 0
3211 0
3213 0
3214 0
3216 1
3218 1
3219 0
3223 1
3228 1
3229 1
3231 0
3233 1
3236 1
3239 1
3240 1
3242 1
3243 1
3244 1
3247 0
3250 1
3253 0
3254 0
3255 0
3256 0
3258 0
3259 0
3260 1
3261 0
3262 1
3269 0
3270 0
3271 1
3272 0
3273 1
3274 1
3279 1
3280 1
3282 0
3284 0
3285 0
3290 1
3292 1
3293 0
3294 0
3296 0
3299 0
3300 0
3301 0
3303 0
3307 0
3308 0
3311 0
3313 0
3316 0
3320 0
3325 0
3327 1
3330 0
3331 1
3335 1
3336 0
3337 1
3338 0
3339 1
3343 1
3344 0
3349 0
3350 0
3351 1
3354 1
3355 1
3356 1
3359 1
3360 1
3362 0
3363 0
3365 0
3367 0
3369 0
3370 0
3373 1
3374 0
3376 0
3377 1
3379 0
3380 0
3382 0
3386 0
3390 0
3391 1
3392 1
3395 0
3396 0
3397 0
3398 0
3401 0
3403 0
3404 0
3406 1
3407 0
3408 0
3410 0
3412 0
3413 0
3415 0
3416 1
3417 0
3419 0
3420 1
3421 1
3422 0
3424 1
3425 1
3429 1
3430 0
3433 1
3435 0
3436 0
3439 0
3441 0
3443 1
3444 0
3449 1
3450 0
3451 0
3452 0
3453 0
3455 0
3458 1
3461 1
3462 0
3464 0
3465 1
3466 0
3468 1
3469 0
3470 0
3477 0
3484 1
3487 0
3489 0
3491 1
3492 1
3493 1
3496 1
3497 1
3499 0
3500 1
3506 1
3508 1
3509 1
3510 1
3511 1
3516 0
3518 1
3519 1
3521 0
3522 0
3524 1
3525 1
3528 0
3529 0
3530 0
3536 0
3537 1
3539 0
3546 0
3548 0
3549 0
3550 1
3551 0
3554 1
3555 0
3556 1
3564 0
3565 0
3566 1
3567 1
3575 1
3576 1
3577 0
3580 0
3585 0
3586 0
3587 0
3588 1
3589 1
3593 0
3594 0
3596 0
3597 0
3599 0
3603 0
3604 0
3605 1
3606 0
3608 1
3609 1
3611 0
3614 0
3618 1
3620 0
3621 0
3622 1
3623 1
3625 0
3627 0
3628 0
3629 1
3632 1
3634 1
3635 1
3636 0
3638 0
3639 0
3640 0
3642 1
3644 0
3645 0
3646 1
3648 1
3651 1
3654 1
3655 1
3656 1
3657 1
3658 1
3660 0
3662 1
3663 1
3664 1
3667 1
3669 1
3671 0
3673 0
3674 0
3675 0
3678 0
3679 0
3681 1
3684 1
3685 0
3688 0
3690 0
3691 0
3694 0
3695 0
3696 0
3698 0
3699 1
3700 0
3703 0
3704 1
3705 1
3706 0
3708 1
3709 1
3711 0
3713 0
3714 0
3717 1
3721 1
3722 0
3727 1
3729 1
3732 0
3735 1
3740 0
3743 1
3748 1
3749 0
3750 0
3751 1
3752 0
3753 1
3754 1
3758 0
3759 1
3760 1
3763 0
3767 0
3772 0
3773 1
3774 1
3779 1
3780 1
3781 0
3783 0
3784 0
3786 0
3788 0
3790 0
3791 1
3792 0
3793 1
3796 0
3797 1
3798 1
3803 0
3806 1
3807 0
3808 1
3809 0
3811 0
3814 1
3817 1
3818 0
3820 0
3821 1
3824 0
3826 0
3827 1
3828 1
3830 0
3834 0
3835 0
3837 0
3838 0
3844 0
3845 0
3846 0
3847 0
3848 0
3849 0
3855 0
3856 0
3857 0
3859 0
3860 0
3861 0
3863 1
3865 0
3866 1
3868 0
3869 0
3871 0
3872 1
3874 1
3876 1
3877 0
3879 1
3885 1
3886 1
3887 0
3889 0
3890 0
3891 1
3895 1
3898 1
3899 1
3905 0
3907 0
3911 0
3912 0
3913 0
3915 0
3918 0
3919 0
3921 0
3923 0
3924 0
3926 1
3932 0
3935 0
3936 0
3937 1
3939 0
3941 1
3945 0
3946 1
3947 1
3948 1
3949 0
3953 1
3954 1
3956 1
3957 0
3960 1
3961 0
3963 0
3965 0
3966 1
3969 1
3970 0
3971 0
3973 1
3974 0
3979 0
3983 0
3984 0
3986 0
3987 0
3988 0
3990 1
3991 1
3992 0
3993 0
3994 0
3996 0
3997 0
3998 0
4003 0
4005 0
4008 0
4009 0
4010 0
4011 1
4012 0
4013 1
4014 0
4015 0
4016 0
4017 0
4019 0
4020 0
4023 1
4025 1
4028 0
4031 0
4033 0
4034 0
4035 0
4037 1
4039 1
4046 0
4047 1
4051 0
4052 0
4057 0
4058 0
4060 0
4066 1
4067 1
4069 1
4073 1
4075 1
4076 0
4077 1
4082 1
4085 0
4087 0
4089 1
4091 0
4092 0
4093 1
4095 1
4100 1
4102 1
4105 1
4106 0
4108 1
4110 0
4111 0
4113 0
4117 0
4120 0
4121 0
4122 0
4129 0
4131 1
4133 0
4135 0
4136 0
4137 0
4138 1
4140 0
4141 0
4142 1
4143 1
4145 1
4146 0
4148 0
4149 1
4150 0
4152 0
4158 1
4163 0
4164 1
4168 0
4169 0
4170 0
4171 0
4174 1
4178 0
4185 0
4186 1
4189 0
4190 1
4191 1
4192 1
4193 0
4194 1
4195 1
4196 1
4200 0
4201 0
4203 0
4204 0
4205 1
4209 0
4212 0
4215 0
4220 1
4221 1
4223 0
4224 0
4228 0
4229 0
4230 1
4231 0
4232 0
4237 0
4239 0
4241 0
4242 1
4244 0
4246 0
4247 0
4253 1
4255 1
4256 0
4257 0
4258 0
4259 1
4263 1
4264 1
4265 0
4269 1
4270 1
4271 1
4272 0
4273 1
4274 1
4275 0
4279 0
4280 1
4281 1
4283 0
4284 1
4286 0
4287 0
4291 0
4292 1
4293 1
4295 0
4296 1
4298 1
4300 1
4303 0
4304 0
4307 0
4310 1
4312 0
4315 0
4318 0
4321 1
4322 0
4323 1
4325 0
4326 0
4327 0
4329 0
4331 0
4333 1
4338 1
4339 0
4341 0
4345 1
4346 0
4347 1
4349 0
4351 1
4352 0
4354 0
4356 1
4359 1
4360 0
4361 0
4364 0
4365 0
4367 1
4368 1
4369 0
4370 1
4371 0
4372 0
4376 0
4379 0
4380 0
4384 1
4386 0
4387 0
4389 1
4390 0
4391 0
4392 0
4396 0
4397 1
4404 1
4405 1
4409 0
4411 1
4421 0
4423 0
4424 0
4429 0
4430 0
4432 0
4433 0
4434 0
4436 0
4437 0
4438 0
4439 1
4441 1
4446 0
4450 1
4452 1
4455 0
4457 0
4459 1
4463 0
4464 1
4466 0
4468 1
4470 1
4471 0
4474 1
4479 0
4481 0
4484 1
4487 1
4488 0
4490 0
4493 0
4494 0
4495 0
4496 1
4498 0
4499 1
4500 1
4502 1
4507 1
4508 1
4509 0
4510 0
4512 1
4514 0
4517 0
4518 1
4519 0
4520 0
4524 0
4526 1
4527 1
4528 0
4530 1
4532 1
4535 0
4537 0
4539 0
4540 0
4542 0
4544 1
4548 0
4549 0
4551 0
4552 0
4553 1
4555 0
4558 1
4562 0
4563 0
4565 0
4566 0
4570 1
4571 0
4574 0
4576 1
4579 1
4581 1
4584 0
4585 1
4587 0
4588 0
4591 1
4592 1
4595 1
4597 0
4600 0
4601 0
4604 0
4605 0
4606 0
4607 0
4609 1
4611 0
4612 0
4618 1
4622 1
4623 0
4625 1
4626 1
4627 0
4628 0
4630 0
4631 0
4632 0
4634 1
4636 0
4643 1
4644 0
4647 1
4648 1
4649 1
4651 0
4652 0
4653 0
4654 0
4655 1
4656 1
4660 1
4662 0
4671 0
4672 0
4673 0
4674 0
4675 0
4676 1
4679 0
4682 0
4683 0
4685 0
4686 0
4687 0
4689 1
4691 0
4692 1
4693 1
4694 1
4699 0
4701 0
4702 0
4705 1
4706 1
4707 1
4708 0
4710 0
4714 0
4715 0
4718 0
4719 0
4722 0
4723 1
4727 0
4732 0
4735 1
4737 0
4742 0
4743 0
4746 1
4747 1
4748 0
4750 1
4753 1
4754 1
4760 0
4761 1
4768 0
4770 0
4773 0
4776 0
4777 0
4779 0
4782 0
4783 1
4785 1
4786 1
4788 1
4789 0
4790 0
4792 0
4793 1
4794 0
4796 0
4797 0
4799 1
4801 0
4805 0
4808 0
4812 1
4814 0
4815 0
4816 0
4818 1
4823 0
4825 1
4826 0
4828 1
4830 0
4831 0
4832 0
4834 1
4836 0
4837 0
4839 1
4840 1
4841 1
4842 1
4846 0
4848 0
4849 0
4850 0
4852 1
4856 1
4857 1
4859 0
4863 1
4866 1
4867 0
4868 1
4869 0
4872 1
4873 0
4876 1
4878 0
4879 1
4882 1
4885 0
4886 0
4890 0
4895 0
4896 0
4897 1
4898 0
4902 1
4903 0
4905 0
4907 0
4910 0
4911 1
4912 1
4913 0
4916 1
4926 0
4928 0
4929 1
4931 0
4935 1
4936 0
4938 0
4939 1
4943 0
4946 1
4948 1
4950 0
4951 0
4953 0
4954 0
4955 0
4956 0
4958 1
4960 1
4961 0
4962 0
4963 1
4966 1
4967 0
4968 0
4972 1
4973 0
4974 1
4976 1
4977 0
4982 1
4983 1
4984 0
4985 0
4986 0
4987 0
4990 0
4991 0
4992 0
4994 1
4995 0
4997 1
4998 1
4999 1
5001 0
5003 1
5004 0
5006 0
5007 1
5014 1
5016 0
5018 0
5020 0
5023 0
5024 0
5026 1
5027 0
5028 1
5029 1
5032 0
5033 1
5036 1
5037 1
5039 0
5042 1
5045 1
5047 0
5052 1
5054 0
5055 1
5056 1
5057 0
5058 0
5061 1
5062 0
5063 1
5064 1
5065 1
5067 0
5068 0
5071 0
5072 0
5073 0
5077 0
5078 1
5079 1
5081 0
5084 1
5085 0
5086 1
5090 0
5093 0
5094 1
5097 0
5101 0
5102 1
5104 1
5107 0
5108 1
5110 0
5111 1
5114 0
5116 1
5121 0
5122 1
5124 0
5128 0
5129 1
5130 0
5131 1
5134 0
5135 0
5136 1
5138 0
5143 0
5144 0
5145 1
5146 0
5150 1
5153 0
5156 1
5159 1
5160 1
5161 0
5168 0
5169 0
5171 0
5173 0
5175 0
5176 0
5177 1
5179 0
5181 1
5183 0
5185 0
5186 0
5189 0
5190 1
5191 0
5195 0
5199 0
5202 0
5203 1
5208 1
5209 0
5210 1
5212 0
5214 1
5215 0
5217 0
5219 1
5220 1
5222 0
5223 0
5224 0
5229 0
5230 0
5231 0
5236 0
5239 0
5242 1
5244 1
5245 0
5246 0
5248 0
5253 1
5254 1
5257 0
5258 0
5259 1
5260 0
5262 0
5263 1
5264 1
5267 1
5268 0
5269 1
5270 0
5273 0
5274 0
5278 0
5281 0
5283 0
5285 1
5288 1
5290 0
5292 0
5293 1
5297 1
5298 0
5303 0
5304 0
5305 1
5306 0
5307 1
5310 0
5311 1
5312 0
5314 0
5315 1
5318 0
5319 1
5320 0
5325 0
5326 1
5327 0
5328 0
5331 0
5336 0
5337 1
5338 0
5340 0
5343 0
5344 0
5345 1
5346 1
5348 0
5349 0
5350 0
5351 0
5352 0
5355 1
5358 0
5360 1
5363 1
5365 0
5367 0
5368 1
5369 0
5370 0
5371 0
5373 0
5374 0
5378 0
5379 0
5380 0
5383 1
5384 0
5385 0
5387 1
5388 0
5389 0
5391 1
5393 0
5395 0
5396 0
5397 1
5398 1
5404 1
5405 1
5406 0
5407 0
5408 0
5410 0
5413 1
5414 1
5416 0
5417 0
5418 1
5419 1
5420 0
5421 0
5423 1
5424 0
5429 0
5430 0
5431 1
5433 0
5434 0
5436 0
5438 1
5439 1
5440 0
5441 1
5445 0
5448 0
5450 0
5451 1
5453 1
5454 0
5455 0
5457 0
5461 1
5465 0
5467 1
5469 1
5470 1
5471 1
5475 1
5478 0
5481 0
5483 0
5485 1
5486 1
5487 0
5489 1
5496 0
5497 1
5499 0
5507 1
5508 0
5509 1
5510 1
5511 0
5514 0
5515 1
5517 0
5518 0
5519 0
5521 0
5522 1
5524 0
5526 1
5527 1
5530 1
5531 1
5535 1
5536 1
5539 0
5541 1
5542 0
5544 0
5547 0
5549 1
5550 0
5552 0
5554 0
5559 1
5563 1
5566 0
5568 0
5573 0
5574 0
5576 1
5577 1
5579 1
5582 1
5583 1
5584 0
5585 1
5586 0
5588 0
5590 0
5591 1
5592 0
5593 1
5599 0
5600 0
5601 0
5603 0
5605 1
5606 1
5608 1
5609 1
5611 1
5613 0
5614 0
5615 0
5618 0
5620 0
5624 0
5625 1
5629 0
5630 0
5631 0
5636 0
5637 1
5639 0
5640 0
5641 1
5644 1
5645 1
5647 1
5648 0
5652 1
5653 1
5654 0
5655 1
5657 1
5658 0
5660 0
5662 1
5664 0
5668 0
5669 1
5672 0
5674 0
5676 0
5679 0
5680 0
5682 0
5685 0
5686 1
5687 1
5693 1
5695 0
5696 1
5697 0
5699 1
5700 1
5701 1
5702 0
5704 0
5705 1
5710 0
5713 0
5714 1
5715 0
5716 0
5718 0
5719 0
5723 1
5728 1
5729 1
5730 1
5731 1
5732 0
5735 0
5736 1
5738 0
5740 0
5741 1
5742 0
5743 1
5747 0
5749 0
5752 0
5755 0
5756 1
5757 1
5760 0
5761 0
5762 0
5764 1
5765 0
5768 0
5769 0
5773 0
5779 0
5780 0
5781 0
5782 0
5783 1
5784 0
5786 0
5788 0
5789 1
5790 0
5791 0
5794 0
5796 0
5799 0
5803 0
5805 0
5806 0
5811 1
5812 0
5813 0
5814 0
5815 1
5817 0
5818 0
5819 0
5821 1
5824 0
5825 0
5826 1
5828 0
5829 1
5830 0
5831 1
5836 0
5838 1
5839 1
5840 0
5841 0
5843 0
5845 0
5850 1
5851 0
5852 0
5853 1
5854 0
5856 1
5859 0
5860 0
5861 1
5863 1
5864 1
5867 0
5868 1
5873 1
5874 0
5875 0
5877 0
5878 1
5879 0
5881 0
5884 1
5885 0
5888 1
5889 0
5893 1
5894 0
5895 1
5897 0
5899 1
5901 0
5903 1
5905 1
5906 1
5908 0
5909 1
5910 1
5911 0
5912 1
5914 0
5917 0
5918 0
5919 0
5920 0
5923 1
5928 0
5930 0
5938 1
5940 1
5947 0
5948 1
5951 0
5952 1
5954 1
5956 1
5960 1
5961 0
5963 1
5964 0
5968 0
5970 1
5971 1
5975 0
5979 0
5980 1
5981 0
5983 0
5984 0
5985 1
5988 0
5989 0
5990 0
5991 0
5992 1
5995 1
5996 0
5998 1
6000 0
6001 0
6004 0
6005 0
6009 1
6011 1
6012 0
6018 1
6020 1
6023 1
6025 1
6026 1
6027 1
6028 0
6029 0
6030 0
6033 0
6035 1
6038 1
6041 0
6042 0
6043 1
6045 0
6046 1
6055 0
6058 0
6061 0
6062 0
6065 0
6066 0
6067 1
6069 0
6070 0
6071 0
6073 0
6074 0
6078 0
6079 0
6084 0
6088 1
6089 1
6091 0
6095 1
6096 1
6097 1
6098 0
6100 1
6103 0
6104 0
6105 1
6107 1
6108 1
6111 0
6117 1
6120 1
6123 1
6124 0
6125 0
6128 0
6129 0
6130 0
6131 0
6133 0
6134 0
6135 1
6136 0
6139 0
6140 0
6141 1
6146 0
6148 1
6150 1
6151 0
6153 0
6156 0
6158 0
6159 0
6161 0
6162 0
6163 0
6166 0
6170 1
6171 0
6172 1
6174 1
6175 0
6176 1
6177 0
6179 0
6180 1
6181 0
6183 1
6184 0
6185 0
6187 0
6188 0
6189 1
6190 0
6196 1
6198 1
6201 0
6202 0
6203 0
6206 1
6208 1
6209 0
6210 0
6212 1
6214 1
6215 0
6216 0
6218 0
6219 0
6220 0
6221 1
6222 0
6223 0
6224 0
6225 1
6229 1
6230 1
6233 1
6234 0
6235 1
6236 1
6238 0
6240 0
6241 0
6243 0
6247 1
6249 1
6250 1
6251 0
6252 0
6254 1
6258 0
6259 0
6260 0
6261 0
6262 0
6264 0
6267 1
6269 1
6270 0
6272 0
6275 1
6276 1
6277 0
6279 0
6281 1
6282 0
6284 0
6285 1
6286 0
6289 0
6290 0
6291 1
6295 1
6296 1
6299 1
6300 0
6301 0
6304 0
6305 0
6306 1
6309 0
6314 0
6318 0
6319 1
6320 1
6321 0
6323 0
6325 1
6329 0
6330 1
6335 0
6337 1
6338 1
6339 0
6341 0
6344 0
6346 1
6348 0
6349 1
6350 1
6351 1
6352 1
6353 1
6355 0
6357 1
6362 0
6363 1
6366 1
6367 0
6369 1
6371 1
6374 0
6375 1
6377 1
6381 0
6382 0
6385 0
6387 1
6391 0
6392 1
6395 0
6396 1
6398 0
6400 1
6404 0
6409 0
6411 0
6417 1
6418 0
6419 1
6421 1
6424 0
6425 0
6427 1
6428 1
6429 0
6430 0
6433 1
6434 1
6436 0
6437 1
6438 1
6440 0
6442 0
6443 1
6444 1
6445 1
6447 0
6448 0
6449 1
6450 0
6455 1
6456 0
6458 0
6459 0
6462 0
6463 1
6465 1
6466 1
6468 0
6470 1
6472 1
6473 0
6474 0
6475 0
6476 0
6480 1
6482 1
6483 1
6484 0
6486 0
6488 1
6492 0
6495 1
6497 1
6499 0
6501 1
6503 0
6506 0
6507 1
6509 1
6512 1
6515 0
6519 1
6520 0
6523 0
6524 0
6529 0
6530 0
6532 0
6534 1
6536 0
6538 0
6542 0
6543 0
6547 0
6548 1
6549 0
6550 0
6551 0
6553 0
6556 1
6560 1
6562 1
6564 0
6565 0
6569 0
6570 0
6572 1
6575 0
6576 1
6578 0
6583 0
6584 0
6585 0
6587 1
6588 1
6593 0
6595 0
6597 0
6599 1
6602 1
6603 0
6605 1
6606 0
6609 1
6610 0
6611 1
6612 1
6617 0
6618 0
6619 1
6621 0
6622 0
6625 0
6626 1
6627 1
6628 1
6631 1
6632 0
6635 0
6636 1
6637 1
6638 1
6643 0
6645 0
6647 1
6648 1
6652 1
6654 1
6657 0
6658 0
6660 0
6661 0
6664 1
6666 0
6667 0
6668 0
6670 1
6671 0
6673 1
6674 1
6677 1
6678 1
6679 0
6681 0
6682 0
6684 1
6687 0
6689 0
6690 0
6694 0
6695 0
6696 0
6697 0
6698 1
6699 1
6702 1
6703 0
6704 0
6706 1
6707 1
6708 0
6709 0
6714 0
6718 0
6719 0
6722 0
6725 0
6726 0
6727 1
6730 1
6731 1
6734 0
6735 1
6736 0
6738 0
6739 0
6740 1
6747 0
6748 0
6751 1
6753 0
6755 0
6759 0
6760 1
6761 1
6762 0
6765 0
6766 0
6768 0
6769 0
6772 1
6773 0
6777 1
6781 0
6782 0
6783 1
6784 0
6786 0
6789 0
6794 0
6797 0
6799 0
6800 0
6802 0
6803 1
6805 0
6806 1
6808 0
6810 0
6813 0
6814 1
6819 0
6821 1
6822 0
6824 1
6825 1
6827 0
6828 0
6829 1
6833 1
6835 1
6836 0
6838 0
6839 0
6840 0
6841 1
6842 0
6844 0
6845 0
6847 0
6848 0
6849 0
6850 0
6852 1
6855 0
6858 0
6859 0
6860 1
6862 0
6864 0
6865 1
6866 0
6867 1
6868 0
6869 0
6874 1
6876 0
6878 0
6880 1
6883 1
6884 1
6886 1
6887 0
6892 1
6893 1
6896 0
6899 0
6900 0
6903 1
6908 1
6909 0
6910 1
6911 1
6912 1
6914 0
6916 1
6917 0
6918 1
6919 1
6922 0
6924 0
6930 0
6931 1
6932 0
6933 0
6934 1
6935 0
6939 1
6940 0
6943 1
6944 1
6945 1
6947 1
6948 1
6949 1
6950 1
6952 0
6953 0
6956 0
6958 0
6959 0
6962 1
6963 0
6965 1
6966 1
6968 1
6971 1
6972 0
6976 1
6981 0
6983 0
6987 0
6988 0
6989 0
6990 0
6994 1
6995 0
7002 1
7003 0
7004 0
7006 0
7007 1
7008 0
7009 0
7011 1
7016 0
7018 0
7020 0
7021 0
7022 0
7023 1
7025 0
7029 0
7031 1
7033 1
7035 1
7036 0
7038 1
7039 1
7040 1
7042 0
7045 0
7046 1
7048 0
7049 0
7050 0
7052 0
7054 1
7056 1
7058 0
7059 0
7062 0
7064 1
7065 1
7068 0
7070 0
7071 1
7072 0
7073 1
7074 1
7075 0
7077 1
7078 0
7079 0
7080 0
7084 1
7086 0
7088 1
7089 0
7090 1
7092 1
7093 1
7095 0
7097 0
7100 1
7101 1
7104 1
7105 0
7108 0
7109 0
7113 0
7114 0
7117 0
7121 0
7122 0
7123 0
7125 1
7128 0
7129 0
7130 0
7132 0
7133 0
7138 1
7139 0
7140 1
7141 1
7144 1
7146 0
7147 0
7148 0
7149 1
7150 1
7152 0
7153 0
7154 0
7159 1
7162 0
7163 0
7165 0
7166 0
7167 1
7168 0
7172 0
7174 0
7177 0
7180 1
7182 1
7184 1
7185 0
7187 1
7189 1
7191 1
7193 0
7194 1
7197 0
7200 1
7204 0
7205 1
7208 1
7210 0
7211 0
7212 1
7213 0
7214 1
7215 1
7216 1
7217 1
7219 1
7222 0
7223 0
7224 1
7227 0
7230 1
7234 0
7236 1
7241 1
7243 0
7244 0
7245 0
7247 0
7249 1
7250 1
7256 1
7258 0
7259 0
7260 0
7261 0
7263 1
7266 1
7270 1
7271 0
7274 1
7275 1
7276 1
7279 0
7280 1
7283 1
7284 0
7285 1
7289 1
7292 0
7294 0
7295 0
7296 1
7297 0
7298 1
7299 0
7300 0
7302 1
7305 1
7308 0
7311 1
7314 0
7318 0
7322 0
7323 1
7325 0
7327 1
7329 0
7330 0
7334 1
7336 1
7343 0
7344 1
7346 0
7350 1
7351 0
7356 1
7359 1
7361 0
7363 1
7365 0
7369 1
7370 1
7372 1
7373 0
7374 1
7375 1
7376 0
7381 0
7383 1
7385 0
7388 0
7389 0
7390 0
7394 1
7396 0
7398 1
7408 0
7410 1
7411 1
7413 0
7414 1
7416 0
7417 1
7419 0
7421 0
7422 1
7424 0
7425 0
7427 0
7431 0
7432 1
7433 1
7435 0
7436 0
7437 0
7438 0
7439 1
7443 0
7445 0
7446 1
7448 0
7449 1
7451 1
7454 1
7457 1
7458 0
7460 1
7461 0
7465 0
7466 0
7467 0
7468 0
7470 1
7474 0
7475 0
7477 0
7479 1
7480 0
7481 0
7482 0
7483 1
7484 0
7486 0
7489 0
7490 1
7491 1
7493 1
7497 0
7498 1
7503 1
7506 0
7511 0
7513 0
7517 0
7519 1
7521 1
7523 0
7524 1
7525 1
7526 1
7527 0
7528 1
7530 0
7533 1
7535 0
7536 0
7537 1
7538 1
7540 0
7543 1
7544 0
7546 1
7547 0
7551 1
7555 0
7558 1
7559 1
7563 0
7565 0
7566 0
7568 1
7570 1
7571 0
7572 1
7575 1
7576 1
7578 0
7579 0
7585 0
7586 1
7590 0
7592 1
7594 1
7600 1
7601 0
7603 0
7605 0
7606 0
7611 0
7612 1
7614 0
7615 0
7618 0
7619 1
7621 0
7622 0
7624 0
7626 1
7629 0
7631 1
7633 0
7637 0
7639 0
7640 0
7642 0
7647 1
7649 0
7650 0
7653 0
7654 1
7655 1
7656 1
7657 1
7662 0
7663 0
7664 1
7666 0
7667 0
7668 0
7670 0
7671 0
7672 1
7673 1
7675 0
7677 1
7678 0
7679 0
7680 0
7682 0
7683 0
7685 1
7687 1
7688 1
7691 0
7692 1
7694 0
7696 0
7697 1
7699 0
7702 1
7704 0
7705 0
7709 0
7712 1
7713 1
7715 0
7718 0
7720 1
7721 1
7723 0
7724 0
7727 0
7729 1
7731 0
7732 0
7735 1
7736 0
7740 0
7742 0
7743 1
7745 1
7746 1
7748 1
7749 0
7751 1
7753 1
7754 1
7758 1
7760 1
7762 1
7763 1
7765 1
7767 0
7768 1
7772 1
7773 0
7775 1
7776 0
7777 1
7779 0
7781 1
7786 0
7790 1
7791 0
7793 0
7795 1
7798 1
7799 1
7803 1
7809 0
7810 0
7812 1
7813 0
7814 1
7815 0
7819 0
7820 0
7821 0
7824 0
7826 0
7831 0
7833 0
7834 0
7836 1
7838 0
7840 1
7841 0
7843 1
7845 1
7847 1
7853 1
7854 0
7855 0
7856 0
7857 1
7859 0
7863 0
7864 0
7865 0
7868 1
7869 0
7872 1
7873 0
7876 1
7877 1
7878 0
7883 1
7884 1
7885 0
7886 0
7889 0
7890 1
7897 0
7898 1
7899 0
7900 0
7901 0
7902 1
7905 0
7908 0
7909 0
7910 1
7911 1
7914 1
7915 1
7916 1
7919 0
7920 0
7921 0
7923 0
7924 1
7925 0
7926 0
7928 0
7931 0
7932 1
7933 0
7935 0
7939 1
7940 1
7943 0
7946 0
7947 1
7950 0
7953 0
7954 0
7956 1
7958 0
7959 0
7963 0
7964 0
7968 1
7970 0
7971 1
7974 1
7976 0
7979 0
7980 0
7984 0
7987 0
7991 0
7996 0
7997 0
7998 0
7999 1
8001 0
8002 0
8004 0
8005 0
8008 0
8009 0
8012 0
8017 0
8019 1
8023 0
8024 1
8026 0
8029 1
8031 0
8032 0
8033 0
8036 0
8037 1
8040 1
8042 0
8043 1
8044 0
8048 0
8049 1
8051 0
8053 0
8057 1
8060 0
8061 0
8062 0
8063 0
8064 0
8067 1
8068 0
8069 0
8072 0
8075 1
8076 0
8079 1
8082 0
8083 1
8084 0
8085 0
8086 1
8087 0
8091 1
8093 0
8095 0
8096 0
8098 0
8100 1
8101 0
8103 0
8105 0
8106 0
8107 0
8108 0
8112 0
8115 0
8116 0
8117 0
8121 1
8122 0
8125 0
8127 0
8130 1
8132 1
8137 1
8138 0
8139 0
8140 0
8141 1
8142 0
8144 1
8150 0
8151 1
8159 0
8160 0
8163 1
8164 0
8166 0
8168 0
8169 0
8171 1
8173 1
8174 0
8175 0
8177 0
8180 1
8186 1
8188 0
8189 1
8190 1
8191 0
8197 1
8199 1
8200 0
8202 1
8203 0
8204 0
8208 1
8209 0
8211 0
8213 1
8216 0
8218 1
8220 0
8222 0
8223 1
8224 0
8225 0
8226 0
8229 0
8232 0
8235 0
8236 0
8241 0
8244 0
8248 1
8250 0
8251 0
8252 0
8253 1
8254 0
8258 1
8260 1
8261 0
8262 0
8263 1
8268 0
8269 0
8272 0
8275 0
8279 1
8280 0
8281 0
8282 0
8284 0
8285 0
8292 1
8293 0
8294 1
8295 0
8296 0
8297 0
8299 0
8300 0
8301 0
8302 0
8306 0
8307 0
8310 0
8311 0
8312 0
8313 0
8315 0
8316 0
8317 0
8318 0
8319 0
8320 0
8322 0
8323 0
8326 0
8327 0
8329 0
8332 0
8335 1
8336 0
8338 0
8341 0
8342 0
8345 1
8346 0
8349 0
8351 1
8355 0
8359 1
8360 0
8364 0
8365 0
8368 0
8370 0
8372 1
8374 1
8376 0
8381 0
8384 0
8385 1
8386 0
8387 1
8388 1
8390 0
8391 0
8397 0
8398 1
8403 1
8409 0
8410 1
8413 1
8415 0
8416 0
8422 0
8423 1
8424 0
8425 0
8426 1
8427 1
8429 0
8430 0
8433 1
8434 0
8437 0
8438 0
8442 1
8443 1
8444 0
8445 0
8449 1
8450 1
8452 0
8453 0
8454 1
8456 0
8461 1
8462 1
8465 0
8466 0
8467 0
8468 1
8470 0
8472 0
8475 0
8477 1
8478 0
8482 0
8483 1
8484 1
8485 1
8492 0
8494 0
8495 1
8498 0
8499 0
8502 0
8503 1
8506 0
8509 0
8512 0
8513 0
8514 1
8517 1
8518 1
8519 0
8521 0
8522 1
8523 0
8524 0
8526 1
8529 0
8530 0
8533 1
8534 1
8535 1
8536 0
8541 0
8542 0
8549 1
8550 1
8553 1
8556 0
8557 1
8558 1
8559 0
8562 0
8564 0
8568 0
8572 0
8573 0
8576 0
8581 0
8582 0
8584 0
8585 1
8586 1
8587 1
8588 0
8592 1
8595 1
8596 1
8601 0
8602 0
8604 1
8606 0
8607 1
8608 1
8610 0
8612 0
8615 0
8617 1
8618 0
8620 1
8621 1
8624 0
8628 0
8633 1
8635 0
8636 0
8638 0
8639 0
8644 1
8645 0
8647 1
8653 0
8654 0
8655 0
8663 1
8665 0
8667 0
8670 1
8676 1
8680 0
8683 1
8687 1
8688 1
8690 1
8691 1
8692 1
8695 0
8698 1
8699 0
8701 0
8702 0
8706 1
8709 0
8710 0
8713 0
8716 1
8717 1
8718 0
8720 0
8722 1
8723 0
8725 0
8727 0
8728 0
8730 1
8731 1
8732 0
8733 0
8738 0
8739 1
8741 1
8742 1
8744 0
8747 0
8748 1
8749 1
8750 0
8752 0
8753 0
8755 0
8756 1
8757 0
8759 0
8760 0
8764 0
8766 0
8768 1
8769 0
8770 1
8771 0
8772 1
8773 0
8775 1
8776 0
8783 0
8784 0
8790 1
8793 0
8794 1
8796 0
8799 0
8801 0
8805 1
8806 1
8809 1
8810 0
8811 0
8813 1
8814 0
8815 0
8817 1
8819 0
8822 0
8823 1
8826 0
8831 0
8833 1
8835 1
8836 0
8837 0
8838 0
8840 0
8841 0
8843 0
8847 1
8848 1
8849 1
8854 0
8856 0
8858 0
8859 0
8862 0
8865 0
8867 0
8871 0
8872 1
8873 0
8874 0
8876 1
8878 0
8879 1
8880 0
8883 0
8884 0
8885 0
8886 1
8888 0
8890 1
8891 0
8892 1
8900 0
8905 1
8909 0
8911 0
8913 1
8914 0
8917 0
8919 1
8920 0
8921 0
8923 0
8926 1
8927 0
8929 1
8930 1
8931 0
8932 1
8933 0
8936 0
8939 1
8940 0
8942 1
8943 0
8944 0
8948 0
8951 1
8953 0
8955 1
8958 0
8960 0
8961 1
8962 1
8965 1
8966 0
8967 0
8968 1
8969 1
8970 0
8971 0
8973 0
8975 0
8976 1
8978 1
8979 0
8980 0
8982 1
8983 0
8985 0
8987 0
8988 1
8989 0
8995 0
8997 0
8999 1
9000 1
9002 1
9004 1
9005 0
9006 0
9007 0
9015 1
9016 0
9018 0
9019 0
9020 1
9022 1
9024 1
9027 1
9029 0
9032 1
9034 1
9035 0
9036 0
9037 1
9039 0
9042 0
9045 1
9048 0
9049 0
9051 1
9053 1
9058 1
9059 0
9060 0
9063 0
9064 0
9066 1
9068 1
9072 1
9073 1
9078 0
9079 1
9080 1
9085 1
9086 0
9087 0
9089 0
9091 0
9094 1
9098 1
9099 0
9100 0
9105 0
9106 0
9108 1
9112 0
9113 0
9114 0
9116 0
9117 0
9121 0
9123 0
9126 1
9128 0
9129 0
9131 0
9133 0
9136 0
9138 0
9141 0
9144 0
9147 0
9148 1
9150 0
9151 1
9153 0
9155 0
9157 1
9159 0
9160 1
9161 1
9162 0
9163 1
9166 1
9168 0
9173 1
9174 0
9175 0
9177 1
9178 0
9179 1
9180 0
9181 0
9184 0
9185 0
9186 0
9187 1
9189 0
9191 0
9192 0
9193 0
9194 0
9195 1
9196 1
9197 0
9200 0
9202 0
9205 1
9208 0
9209 0
9212 0
9213 1
9214 0
9215 0
9218 0
9221 1
9224 0
9227 1
9230 1
9236 0
9238 1
9239 0
9242 0
9244 1
9245 0
9246 1
9247 0
9249 0
9250 1
9251 1
9252 0
9254 0
9255 0
9259 0
9268 1
9269 1
9270 0
9271 0
9272 0
9273 0
9278 0
9279 0
9281 0
9282 1
9283 0
9285 1
9286 0
9287 0
9288 1
9289 0
9290 0
9291 0
9295 1
9296 0
9299 1
9303 0
9306 1
9307 0
9308 0
9309 0
9312 0
9315 1
9316 1
9318 0
9323 0
9324 0
9325 0
9326 1
9327 0
9330 1
9331 0
9333 0
9334 0
9336 1
9337 1
9339 1
9342 0
9343 1
9347 0
9348 1
9349 0
9350 1
9351 1
9354 1
9358 0
9359 0
9362 0
9365 1
9368 0
9371 0
9373 1
9374 0
9375 1
9377 1
9378 0
9382 1
9386 0
9388 0
9389 0
9392 0
9393 0
9394 0
9398 0
9401 0
9405 0
9406 1
9407 0
9408 0
9409 1
9410 0
9411 0
9412 0
9413 1
9414 0
9417 0
9418 1
9419 1
9420 0
9421 1
9422 1
9424 0
9429 0
9432 0
9433 0
9434 0
9437 1
9438 1
9439 1
9440 0
9443 0
9445 0
9446 0
9448 0
9454 0
9455 0
9456 0
9457 1
9458 0
9459 0
9460 0
9461 0
9463 0
9464 0
9465 1
9466 0
9468 0
9469 1
9470 1
9472 1
9476 0
9477 0
9479 0
9480 0
9481 0
9484 1
9488 1
9490 0
9491 0
9494 1
9496 0
9497 1
9499 0
9500 0
9502 0
9504 1
9507 1
9508 1
9512 1
9515 1
9516 0
9517 0
9518 1
9519 1
9520 0
9523 0
9524 0
9526 1
9527 0
9528 1
9531 1
9532 0
9533 0
9537 1
9540 0
9541 0
9542 1
9543 1
9545 0
9546 0
9549 0
9550 0
9551 1
9557 0
9558 0
9560 0
9562 1
9565 0
9566 1
9567 1
9568 0
9571 0
9573 0
9576 0
9577 0
9579 1
9580 0
9584 1
9585 0
9586 0
9587 0
9588 0
9591 0
9596 0
9597 0
9598 0
9600 0
9603 1
9605 1
9609 0
9611 1
9613 0
9614 0
9615 0
9617 1
9618 1
9619 0
9620 1
9621 1
9623 0
9627 0
9629 0
9634 1
9636 0
9637 0
9638 1
9641 1
9644 0
9647 0
9649 1
9650 1
9654 0
9655 0
9656 0
9658 0
9659 0
9664 0
9666 0
9667 1
9668 0
9670 1
9671 1
9676 0
9678 0
9679 0
9681 1
9684 0
9685 0
9686 1
9687 1
9691 0
9692 1
9693 0
9695 0
9698 0
9699 1
9700 0
9702 1
9703 0
9706 0
9707 0
9709 1
9710 1
9711 0
9712 1
9713 0
9717 0
9718 0
9719 1
9721 0
9724 1
9726 0
9729 0
9732 1
9733 0
9734 0
9735 0
9737 1
9738 1
9743 0
9745 1
9746 0
9747 0
9748 1
9749 0
9754 0
9755 0
9756 0
9758 0
9761 1
9762 1
9763 0
9764 1
9767 0
9772 0
9773 1
9774 1
9776 0
9778 0
9780 0
9781 1
9785 0
9789 0
9790 0
9792 0
9794 0
9796 1
9797 0
9800 0
9801 0
9805 1
9807 0
9808 1
9809 0
9810 0
9813 0
9816 1
9819 1
9822 1
9823 0
9825 1
9828 1
9830 0
9831 1
9832 1
9833 0
9834 0
9836 0
9839 1
9841 0
9842 0
9845 1
9848 0
9851 1
9852 1
9855 1
9858 0
9859 1
9860 0
9862 0
9863 0
9865 0
9867 0
9868 0
9869 0
9870 0
9872 1
9874 0
9877 0
9878 1
9879 0
9880 1
9881 1
9882 0
9884 0
9886 1
9887 0
9894 1
9896 0
9897 1
9898 1
9900 1
9902 0
9904 1
9905 0
9908 0
9911 0
9913 0
9917 1
9918 0
9920 1
9923 1
9926 0
9932 0
9935 0
9938 0
9939 1
9940 1
9942 1
9944 1
9945 0
9946 0
9947 0
9949 1
9950 0
9954 1
9955 0
9958 0
9959 1
9961 0
