5 0
7 1
9 0
12 1
16 0
17 1
19 0
20 0
21 1
23 1
24 1
26 0
30 0
32 0
33 0
34 0
35 0
36 0
39 0
41 1
42 0
44 1
46 1
47 1
48 1
50 0
51 0
52 0
60 1
61 0
63 0
64 0
65 1
66 0
72 0
73 0
77 1
78 1
81 0
83 0
89 1
91 1
93 1
95 0
99 0
101 0
102 1
104 1
107 1
109 1
110 1
112 0
113 1
117 0
118 0
120 0
121 0
122 0
123 1
125 0
129 0
130 0
131 0
132 1
133 1
134 1
138 0
140 1
141 0
142 1
143 1
146 0
147 1
150 0
153 0
154 0
156 0
158 1
159 1
161 1
162 0
163 1
164 0
165 0
169 0
170 0
171 1
173 0
174 1
177 1
180 0
184 1
187 0
189 0
190 1
192 0
193 1
194 0
198 0
200 0
203 0
207 0
208 0
209 1
210 0
211 1
214 1
215 0
218 1
219 0
220 0
221 0
222 0
224 1
225 1
228 0
229 1
232 1
233 0
235 1
236 1
241 0
242 0
244 0
245 1
246 0
249 0
250 0
251 0
256 1
257 0
259 1
262 0
263 0
266 0
268 0
269 0
270 0
275 0
276 0
278 0
282 0
285 1
288 1
289 1
294 0
296 0
298 0
302 0
303 0
304 0
305 0
306 0
307 0
308 1
311 0
312 0
317 0
318 1
320 1
321 0
322 1
323 0
325 0
328 0
329 1
331 0
332 0
334 0
336 1
337 0
338 0
340 0
343 0
344 0
347 0
349 0
352 0
354 1
355 0
359 0
363 0
367 0
370 0
372 1
373 0
374 1
379 1
380 0
381 1
382 0
387 0
391 0
394 0
395 0
396 0
400 1
403 0
404 0
406 0
407 0
408 0
411 1
416 1
417 0
419 1
420 0
424 0
427 1
428 0
430 1
431 0
433 0
435 0
438 0
439 1
443 0
446 0
448 0
450 1
454 1
459 0
460 0
461 1
462 1
463 1
464 0
468 1
469 0
470 0
474 1
476 1
477 0
480 0
482 1
483 0
484 1
486 0
489 0
491 0
492 0
494 0
496 0
498 0
499 0
500 1
501 1
503 0
508 0
509 1
513 0
514 0
515 0
516 0
518 0
519 1
520 0
522 1
523 1
524 1
525 0
526 0
528 0
530 0
531 0
535 0
537 0
540 0
541 1
543 1
544 1
545 0
549 0
550 1
552 0
554 0
555 1
559 0
563 0
564 1
565 0
577 0
579 1
581 0
582 1
583 0
588 0
589 0
590 1
591 1
592 1
597 1
598 1
599 0
601 0
605 0
608 0
609 0
610 0
612 0
613 1
619 1
620 1
622 1
625 0
626 0
628 0
632 1
633 0
635 1
637 1
645 1
647 0
648 1
653 1
654 0
656 1
657 1
660 0
661 0
663 0
667 1
671 1
672 1
675 0
676 0
677 1
680 1
682 0
684 1
685 0
686 0
688 1
689 1
690 0
694 0
695 0
699 0
700 0
702 0
705 0
707 0
709 1
710 0
711 1
712 0
713 0
714 0
717 0
720 0
726 0
728 0
729 1
730 0
731 1
733 1
738 1
739 1
740 1
742 0
746 0
748 0
750 0
752 0
753 0
754 1
755 1
756 0
760 0
761 1
763 0
764 0
767 0
768 0
770 1
771 1
772 0
774 1
776 0
777 1
780 1
782 0
786 1
787 0
791 0
793 0
794 0
796 1
797 1
799 0
800 0
802 1
804 0
805 0
806 0
808 1
810 0
812 0
814 0
815 0
816 0
818 1
820 1
822 1
823 1
826 0
827 1
828 1
829 0
830 0
831 1
832 0
834 0
842 0
843 0
845 0
847 0
848 0
849 0
850 1
851 0
854 0
855 0
857 1
859 0
860 1
862 1
863 0
865 1
867 1
868 0
871 0
872 1
874 1
876 0
878 0
879 0
880 0
882 0
885 0
887 1
888 1
889 0
892 0
895 0
896 0
898 0
899 0
900 1
902 0
903 0
904 1
906 0
908 1
911 0
912 1
915 0
917 0
918 0
919 0
920 0
921 1
923 0
926 0
929 0
931 0
934 0
935 0
936 0
937 1
943 0
946 0
947 0
948 0
949 0
950 0
951 1
954 0
958 0
962 0
964 0
965 0
966 0
967 1
971 1
972 0
973 0
977 0
980 1
982 1
987 0
989 1
991 0
993 0
996 1
997 1
999 0
1001 1
1002 0
1004 0
1008 0
1009 0
1010 0
1011 0
1012 0
1014 0
1015 1
1017 0
1018 0
1024 1
1027 0
1028 0
1036 0
1041 0
1042 0
1043 0
1045 0
1050 0
1052 1
1053 1
1056 0
1057 0
1060 1
1061 0
1062 0
1064 0
1066 0
1068 0
1069 0
1071 1
1072 0
1073 1
1074 0
1077 1
1078 1
1079 0
1082 0
1083 0
1084 0
1091 0
1092 0
1093 0
1097 1
1101 1
1102 0
1104 1
1106 1
1107 1
1109 1
1110 0
1112 0
1113 0
1119 1
1121 1
1124 0
1125 1
1127 1
1129 0
1130 0
1136 0
1137 0
1140 0
1142 1
1143 0
1144 1
1145 0
1147 1
1148 1
1149 0
1151 1
1152 0
1154 1
1156 0
1158 0
1160 0
1161 0
1164 1
1166 0
1168 1
1170 1
1171 0
1172 0
1174 1
1175 1
1176 1
1182 0
1184 0
1185 0
1186 0
1187 0
1191 0
1192 1
1194 1
1199 1
1200 0
1201 1
1203 0
1204 0
1205 1
1206 0
1207 0
1209 1
1211 1
1212 0
1214 1
1215 0
1221 0
1224 0
1225 0
1226 0
1229 1
1230 0
1231 1
1233 1
1234 0
1236 0
1237 0
1239 1
1240 0
1241 0
1247 0
1248 0
1250 0
1254 0
1258 1
1259 1
1260 1
1263 0
1265 1
1266 1
1268 1
1269 0
1270 1
1272 0
1273 1
1274 0
1277 1
1279 0
1281 0
1284 0
1286 0
1287 1
1288 0
1289 0
1290 1
1292 1
1293 0
1294 0
1298 1
1299 0
1304 1
1309 1
1310 0
1311 1
1312 0
1314 1
1315 1
1316 1
1323 0
1324 1
1325 1
1326 1
1327 1
1330 1
1332 1
1333 0
1334 0
1337 0
1341 1
1343 1
1345 0
1346 1
1348 1
1350 0
1352 0
1360 0
1361 0
1362 1
1364 0
1365 0
1371 0
1375 1
1378 0
1383 1
1384 0
1385 1
1386 0
1387 1
1388 0
1390 1
1393 1
1395 0
1397 0
1400 1
1402 0
1404 0
1405 0
1406 0
1408 1
1409 1
1413 0
1414 1
1418 0
1420 0
1421 0
1426 1
1427 1
1430 0
1432 1
1434 0
1436 0
1439 1
1441 0
1442 0
1443 1
1444 0
1445 1
1450 1
1451 0
1453 1
1455 0
1457 0
1460 0
1463 0
1464 0
1465 1
1466 0
1467 0
1468 1
1470 1
1472 0
1475 0
1479 0
1480 1
1481 1
1483 1
1484 0
1485 1
1486 1
1488 0
1490 0
1492 0
1493 1
1494 1
1497 0
1498 1
1499 0
1501 0
1504 1
1509 1
1510 0
1512 0
1514 0
1515 1
1517 1
1521 0
1522 1
1523 1
1524 0
1526 1
1528 1
1529 0
1531 0
1532 0
1536 0
1537 0
1539 0
1541 1
1543 1
1544 1
1545 0
1548 0
1553 1
1554 0
1555 0
1556 1
1557 1
1559 0
1561 0
1563 1
1565 1
1571 0
1576 1
1577 0
1579 0
1580 0
1582 1
1586 0
1588 0
1590 0
1593 0
1594 1
1595 0
1597 1
1598 0
1603 0
1604 0
1607 0
1608 1
1610 0
1611 0
1612 1
1614 0
1617 1
1618 0
1622 0
1627 1
1628 0
1630 1
1632 1
1633 1
1636 0
1638 0
1640 0
1642 1
1643 1
1647 1
1649 0
1650 0
1651 0
1653 0
1654 0
1661 0
1662 0
1669 0
1673 1
1675 1
1676 1
1677 1
1678 0
1680 1
1682 0
1683 0
1684 0
1685 1
1686 1
1688 0
1689 0
1690 1
1691 1
1693 0
1699 1
1707 1
1708 0
1711 0
1713 0
1714 1
1717 0
1718 1
1721 0
1723 1
1724 0
1725 0
1726 0
1727 0
1729 0
1730 0
1732 0
1733 0
1734 1
1738 1
1739 1
1741 0
1746 0
1747 1
1749 1
1750 0
1752 0
1754 0
1755 0
1756 0
1758 0
1759 1
1761 1
1765 1
1766 1
1768 0
1771 1
1772 1
1775 0
1777 0
1778 0
1780 0
1782 0
1784 0
1785 1
1787 0
1789 0
1793 0
1795 1
1797 0
1799 0
1800 1
1801 0
1806 1
1807 1
1809 1
1810 0
1816 1
1818 0
1821 1
1825 1
1827 0
1828 0
1830 1
1832 0
1833 0
1834 0
1836 0
1837 1
1840 1
1841 1
1842 0
1843 1
1845 1
1847 1
1849 1
1853 0
1854 0
1855 0
1858 0
1860 0
1861 0
1862 0
1864 0
1870 0
1872 0
1875 0
1877 0
1878 0
1881 1
1882 1
1887 0
1888 0
1892 0
1894 0
1896 0
1898 0
1899 1
1901 1
1902 0
1903 0
1904 0
1906 0
1907 0
1911 0
1915 1
1918 0
1920 0
1922 1
1927 0
1928 0
1930 0
1931 0
1932 1
1933 0
1934 0
1936 0
1937 1
1938 1
1940 1
1941 0
1944 0
1945 0
1948 1
1950 1
1952 1
1954 0
1958 1
1960 1
1962 0
1963 1
1964 0
1970 1
1971 0
1972 1
1976 0
1977 0
1978 1
1980 0
1981 1
1982 0
1985 0
1989 1
1995 0
1999 0
2000 1
2001 1
2002 0
2004 0
2006 0
2011 0
2012 0
2015 0
2019 1
2020 0
2021 0
2022 0
2023 1
2024 1
2025 0
2027 1
2030 1
2034 0
2036 0
2037 0
2039 0
2042 0
2043 0
2045 0
2047 1
2049 1
2051 1
2054 0
2055 1
2056 0
2058 0
2061 1
2063 0
2064 0
2067 1
2068 1
2069 0
2070 0
2082 0
2083 1
2086 0
2088 1
2090 0
2091 0
2094 1
2095 0
2096 0
2098 0
2099 0
2101 1
2102 0
2104 1
2108 0
2109 0
2112 1
2114 0
2116 1
2117 1
2120 0
2124 0
2125 1
2126 0
2129 0
2132 1
2134 1
2135 1
2136 1
2139 1
2140 0
2142 0
2145 0
2146 1
2151 0
2152 1
2153 0
2155 0
2156 0
2158 0
2163 1
2165 0
2166 0
2169 0
2170 1
2171 1
2172 0
2174 0
2176 0
2178 0
2179 0
2180 1
2181 1
2182 0
2183 0
2184 0
2186 0
2187 1
2190 0
2191 0
2192 0
2193 0
2194 0
2196 0
2197 0
2199 0
2201 1
2202 0
2208 0
2209 0
2212 0
2213 1
2214 0
2215 0
2218 0
2219 0
2220 0
2221 1
2224 0
2226 0
2228 0
2233 1
2234 0
2237 1
2238 0
2241 0
2244 0
2247 0
2248 1
2249 1
2251 1
2253 1
2255 1
2256 0
2257 0
2259 1
2260 0
2261 0
2263 0
2265 0
2266 0
2267 1
2268 1
2270 1
2272 0
2273 0
2276 1
2277 0
2278 0
2279 0
2280 1
2281 1
2284 1
2285 1
2287 1
2288 0
2290 1
2291 1
2293 0
2300 0
2302 0
2305 0
2306 1
2307 1
2308 1
2310 0
2311 0
2315 0
2318 1
2320 1
2321 1
2323 1
2324 0
2328 0
2329 1
2330 1
2332 0
2333 0
2334 0
2335 0
2337 0
2340 0
2342 0
2343 0
2345 0
2347 0
2348 1
2350 0
2352 1
2354 0
2355 0
2359 0
2361 0
2362 1
2364 0
2366 1
2367 0
2368 1
2369 1
2371 0
2372 0
2373 0
2374 1
2375 0
2376 0
2377 0
2378 0
2382 0
2384 0
2385 1
2387 0
2391 0
2392 1
2393 0
2401 0
2403 1
2404 0
2405 0
2407 0
2410 0
2411 1
2413 0
2415 1
2417 0
2419 0
2420 1
2423 1
2425 0
2427 1
2433 1
2435 1
2436 1
2437 0
2439 0
2441 1
2442 1
2443 0
2444 0
2445 1
2448 0
2450 0
2452 0
2454 1
2456 1
2458 1
2459 0
2460 0
2461 0
2462 1
2465 0
2466 0
2468 1
2470 0
2471 1
2472 0
2476 1
2477 0
2478 0
2479 0
2480 1
2481 0
2483 1
2490 1
2491 1
2492 0
2493 0
2494 1
2496 0
2497 0
2500 0
2501 1
2502 0
2504 0
2505 0
2508 0
2512 1
2513 1
2514 0
2518 1
2519 1
2520 0
2523 0
2524 0
2525 0
2529 0
2533 0
2534 0
2537 0
2539 0
2540 1
2542 0
2544 0
2545 1
2546 0
2547 0
2549 1
2554 0
2555 0
2558 0
2559 0
2561 1
2563 0
2564 0
2565 0
2566 0
2567 0
2569 1
2571 0
2572 0
2578 0
2579 1
2584 0
2585 1
2586 1
2589 0
2590 1
2593 0
2594 1
2595 1
2598 1
2599 1
2600 1
2603 0
2605 0
2606 0
2609 1
2611 0
2613 0
2615 0
2618 1
2621 1
2625 0
2627 1
2632 1
2633 0
2634 1
2635 1
2636 0
2637 1
2641 0
2643 0
2645 1
2646 0
2647 0
2648 0
2649 0
2653 1
2657 1
2658 0
2659 0
2662 1
2664 1
2666 0
2667 0
2668 0
2669 1
2670 1
2675 1
2677 1
2678 0
2680 1
2682 1
2683 0
2684 0
2689 0
2690 1
2691 0
2693 0
2695 0
2696 1
2697 0
2699 0
2702 0
2704 1
2706 1
2709 0
2710 1
2713 0
2714 0
2715 0
2717 0
2718 0
2721 0
2722 0
2723 1
2727 1
2730 1
2732 0
2734 0
2735 1
2737 0
2738 0
2741 1
2744 0
2745 0
2747 0
2749 1
2751 0
2755 1
2757 0
2759 0
2760 0
2762 0
2763 0
2765 0
2766 0
2767 1
2772 0
2774 1
2775 0
2776 0
2778 0
2779 1
2782 0
2783 0
2784 0
2785 1
2786 0
2791 1
2794 0
2795 0
2796 1
2798 0
2800 0
2801 0
2803 0
2804 0
2807 1
2810 0
2812 0
2815 1
2816 1
2817 1
2820 1
2826 0
2827 0
2833 0
2834 0
2835 0
2836 0
2838 1
2841 1
2842 1
2844 0
2845 1
2847 1
2848 1
2854 1
2855 0
2858 1
2859 1
2864 1
2866 1
2867 0
2868 1
2869 0
2870 0
2873 0
2875 0
2879 0
2880 1
2881 0
2884 1
2886 1
2889 1
2891 1
2893 0
2896 0
2899 0
2901 0
2906 0
2910 1
2912 0
2913 0
2914 0
2915 0
2916 0
2917 0
2919 0
2924 1
2931 0
2932 0
2933 0
2934 0
2935 0
2937 0
2938 0
2939 1
2940 0
2941 1
2942 0
2943 0
2944 0
2946 1
2947 1
2952 1
2953 0
2954 0
2956 0
2957 1
2958 0
2960 1
2962 0
2963 0
2965 0
2966 0
2967 1
2969 1
2975 0
2976 0
2977 1
2978 0
2984 0
2986 0
2987 1
2988 0
2989 1
2990 1
2992 0
2994 0
2995 1
3000 0
3002 1
3003 0
3004 0
3005 0
3007 0
3008 0
3009 1
3011 0
3013 0
3015 0
3017 0
3021 0
3023 1
3024 0
3027 0
3028 0
3031 0
3032 0
3034 0
3038 1
3039 0
3042 1
3044 0
3045 0
3047 0
3051 1
3053 0
3054 1
3056 1
3057 1
3058 0
3061 0
3063 1
3064 0
3065 1
3066 0
3072 0
3074 0
3077 1
3078 1
3082 0
3083 1
3085 0
3086 0
3088 1
3089 0
3090 1
3092 1
3093 1
3094 0
3098 0
3100 0
3102 0
3103 0
3105 0
3106 1
3107 1
3108 1
3110 0
3112 0
3116 0
3117 0
3118 0
3120 0
3121 0
3122 0
3124 0
3126 1
3127 0
3129 0
3133 1
3134 1
3135 1
3137 0
3138 0
3140 1
3142 1
3145 0
3146 0
3147 0
3149 1
3150 1
3154 0
3155 1
3157 0
3159 0
3161 1
3162 0
3163 1
3164 1
3165 0
3169 1
3170 0
3175 0
3176 1
3177 0
3178 0
3181 0
3183 0
3184 1
3185 0
3186 1
3188 0
3189 0
3194 1
3195 0
3199 1
3200 0
3202 0
3204 1
3205 1
3207 0
3210 1
3211 0
3213 0
3214 0
3216 0
3218 1
3219 1
3223 1
3228 1
3229 0
3231 1
3233 0
3236 1
3239 1
3240 0
3242 1
3243 0
3244 0
3247 0
3250 0
3253 0
3254 0
3255 0
3256 1
3258 0
3259 1
3260 0
3261 1
3262 0
3269 0
3270 0
3271 0
3272 1
3273 0
3274 1
3279 1
3280 0
3282 0
3284 1
3285 0
3290 0
3292 0
3293 0
3294 0
3296 0
3299 1
3300 0
3301 0
3303 1
3307 0
3308 1
3311 0
3313 0
3316 0
3320 0
3325 1
3327 0
3330 1
3331 0
3335 0
3336 1
3337 0
3338 0
3339 0
3343 1
3344 0
3349 0
3350 1
3351 1
3354 0
3355 0
3356 1
3359 1
3360 1
3362 0
3363 0
3365 0
3367 1
3369 1
3370 0
3373 0
3374 0
3376 0
3377 1
3379 1
3380 1
3382 0
3386 0
3390 0
3391 1
3392 0
3395 1
3396 0
3397 1
3398 0
3401 0
3403 0
3404 0
3406 1
3407 0
3408 1
3410 0
3412 0
3413 0
3415 1
3416 1
3417 0
3419 0
3420 0
3421 1
3422 0
3424 1
3425 1
3429 1
3430 1
3433 0
3435 0
3436 1
3439 0
3441 1
3443 0
3444 1
3449 1
3450 1
3451 1
3452 0
3453 0
3455 0
3458 1
3461 0
3462 0
3464 1
3465 0
3466 0
3468 1
3469 1
3470 0
3477 0
3484 0
3487 1
3489 1
3491 0
3492 1
3493 0
3496 1
3497 0
3499 1
3500 1
3506 1
3508 0
3509 1
3510 0
3511 0
3516 1
3518 0
3519 1
3521 1
3522 0
3524 1
3525 0
3528 0
3529 0
3530 0
3536 1
3537 0
3539 1
3546 1
3548 0
3549 1
3550 1
3551 0
3554 0
3555 1
3556 1
3564 0
3565 0
3566 0
3567 1
3575 0
3576 0
3577 1
3580 0
3585 1
3586 0
3587 0
3588 0
3589 0
3593 1
3594 0
3596 0
3597 1
3599 1
3603 0
3604 0
3605 1
3606 0
3608 1
3609 1
3611 1
3614 1
3618 1
3620 0
3621 0
3622 0
3623 1
3625 1
3627 0
3628 0
3629 0
3632 1
3634 1
3635 1
3636 1
3638 1
3639 0
3640 0
3642 1
3644 0
3645 0
3646 1
3648 0
3651 0
3654 0
3655 1
3656 1
3657 0
3658 1
3660 1
3662 1
3663 1
3664 0
3667 0
3669 0
3671 0
3673 0
3674 0
3675 0
3678 0
3679 1
3681 0
3684 1
3685 0
3688 0
3690 0
3691 1
3694 1
3695 1
3696 0
3698 1
3699 0
3700 1
3703 0
3704 1
3705 1
3706 0
3708 0
3709 0
3711 1
3713 0
3714 0
3717 0
3721 1
3722 1
3727 1
3729 0
3732 1
3735 1
3740 1
3743 1
3748 0
3749 0
3750 1
3751 1
3752 0
3753 1
3754 0
3758 0
3759 1
3760 1
3763 0
3767 1
3772 1
3773 0
3774 0
3779 1
3780 0
3781 0
3783 0
3784 0
3786 1
3788 0
3790 0
3791 0
3792 1
3793 0
3796 0
3797 0
3798 0
3803 1
3806 1
3807 1
3808 0
3809 0
3811 1
3814 0
3817 0
3818 0
3820 0
3821 1
3824 0
3826 0
3827 1
3828 1
3830 0
3834 1
3835 0
3837 1
3838 0
3844 0
3845 1
3846 0
3847 0
3848 1
3849 1
3855 0
3856 0
3857 1
3859 1
3860 1
3861 0
3863 0
3865 0
3866 0
3868 1
3869 0
3871 0
3872 1
3874 1
3876 0
3877 0
3879 0
3885 0
3886 0
3887 0
3889 0
3890 0
3891 1
3895 0
3898 1
3899 0
3905 1
3907 1
3911 0
3912 1
3913 1
3915 0
3918 0
3919 0
3921 0
3923 0
3924 0
3926 1
3932 1
3935 0
3936 1
3937 0
3939 1
3941 0
3945 1
3946 0
3947 0
3948 1
3949 1
3953 1
3954 0
3956 0
3957 0
3960 0
3961 1
3963 1
3965 1
3966 1
3969 1
3970 0
3971 0
3973 1
3974 1
3979 0
3983 1
3984 0
3986 0
3987 1
3988 0
3990 1
3991 0
3992 1
3993 0
3994 1
3996 1
3997 1
3998 0
4003 1
4005 1
4008 0
4009 1
4010 1
4011 1
4012 0
4013 1
4014 1
4015 0
4016 0
4017 1
4019 1
4020 0
4023 0
4025 0
4028 0
4031 0
4033 1
4034 0
4035 1
4037 0
4039 0
4046 1
4047 1
4051 1
4052 0
4057 0
4058 0
4060 1
4066 0
4067 0
4069 0
4073 0
4075 1
4076 0
4077 0
4082 1
4085 0
4087 0
4089 1
4091 0
4092 0
4093 0
4095 0
4100 0
4102 0
4105 0
4106 0
4108 0
4110 1
4111 0
4113 0
4117 0
4120 0
4121 1
4122 0
4129 1
4131 0
4133 0
4135 0
4136 1
4137 1
4138 0
4140 1
4141 1
4142 1
4143 0
4145 0
4146 1
4148 0
4149 1
4150 1
4152 1
4158 1
4163 0
4164 0
4168 1
4169 1
4170 0
4171 1
4174 1
4178 0
4185 0
4186 0
4189 0
4190 0
4191 1
4192 0
4193 1
4194 0
4195 0
4196 1
4200 1
4201 1
4203 0
4204 1
4205 1
4209 0
4212 0
4215 0
4220 0
4221 0
4223 1
4224 1
4228 1
4229 0
4230 1
4231 1
4232 1
4237 0
4239 1
4241 1
4242 1
4244 1
4246 0
4247 0
4253 1
4255 0
4256 1
4257 1
4258 0
4259 0
4263 0
4264 0
4265 0
4269 0
4270 1
4271 0
4272 0
4273 0
4274 0
4275 1
4279 1
4280 0
4281 0
4283 0
4284 0
4286 0
4287 1
4291 0
4292 1
4293 0
4295 0
4296 0
4298 1
4300 0
4303 0
4304 1
4307 0
4310 0
4312 1
4315 0
4318 1
4321 0
4322 0
4323 0
4325 1
4326 0
4327 0
4329 1
4331 1
4333 1
4338 0
4339 1
4341 0
4345 0
4346 0
4347 1
4349 0
4351 1
4352 0
4354 0
4356 0
4359 0
4360 0
4361 0
4364 0
4365 0
4367 1
4368 1
4369 0
4370 1
4371 0
4372 1
4376 0
4379 0
4380 1
4384 1
4386 0
4387 0
4389 0
4390 1
4391 0
4392 1
4396 0
4397 0
4404 0
4405 1
4409 0
4411 1
4421 0
4423 0
4424 0
4429 0
4430 0
4432 0
4433 1
4434 1
4436 0
4437 0
4438 0
4439 1
4441 0
4446 1
4450 1
4452 1
4455 0
4457 0
4459 0
4463 1
4464 0
4466 1
4468 1
4470 1
4471 1
4474 0
4479 1
4481 0
4484 1
4487 0
4488 1
4490 1
4493 0
4494 0
4495 1
4496 1
4498 1
4499 1
4500 1
4502 1
4507 1
4508 0
4509 1
4510 0
4512 0
4514 0
4517 1
4518 1
4519 1
4520 1
4524 1
4526 0
4527 1
4528 0
4530 0
4532 0
4535 0
4537 0
4539 1
4540 1
4542 1
4544 0
4548 0
4549 0
4551 0
4552 0
4553 0
4555 1
4558 0
4562 0
4563 0
4565 0
4566 0
4570 1
4571 1
4574 1
4576 0
4579 0
4581 0
4584 1
4585 1
4587 1
4588 1
4591 1
4592 0
4595 1
4597 0
4600 1
4601 0
4604 0
4605 0
4606 1
4607 0
4609 0
4611 0
4612 0
4618 1
4622 0
4623 0
4625 0
4626 0
4627 1
4628 0
4630 1
4631 1
4632 0
4634 0
4636 0
4643 0
4644 0
4647 0
4648 0
4649 0
4651 0
4652 1
4653 0
4654 1
4655 0
4656 1
4660 0
4662 1
4671 0
4672 1
4673 0
4674 0
4675 1
4676 1
4679 1
4682 1
4683 0
4685 0
4686 0
4687 0
4689 0
4691 0
4692 1
4693 0
4694 1
4699 1
4701 1
4702 0
4705 1
4706 1
4707 1
4708 1
4710 0
4714 0
4715 1
4718 0
4719 1
4722 0
4723 0
4727 0
4732 1
4735 0
4737 0
4742 0
4743 1
4746 0
4747 0
4748 1
4750 0
4753 0
4754 0
4760 0
4761 0
4768 0
4770 0
4773 1
4776 0
4777 0
4779 0
4782 0
4783 0
4785 1
4786 0
4788 1
4789 1
4790 0
4792 1
4793 0
4794 0
4796 1
4797 0
4799 0
4801 1
4805 1
4808 0
4812 1
4814 1
4815 1
4816 1
4818 0
4823 1
4825 0
4826 1
4828 0
4830 1
4831 0
4832 0
4834 1
4836 1
4837 0
4839 1
4840 0
4841 1
4842 0
4846 0
4848 1
4849 0
4850 1
4852 1
4856 0
4857 0
4859 0
4863 0
4866 0
4867 0
4868 0
4869 0
4872 0
4873 0
4876 1
4878 0
4879 1
4882 0
4885 0
4886 0
4890 1
4895 1
4896 0
4897 0
4898 0
4902 1
4903 0
4905 1
4907 0
4910 0
4911 1
4912 1
4913 1
4916 0
4926 0
4928 0
4929 0
4931 0
4935 1
4936 0
4938 1
4939 1
4943 1
4946 1
4948 1
4950 1
4951 0
4953 1
4954 0
4955 0
4956 0
4958 0
4960 0
4961 1
4962 0
4963 1
4966 1
4967 0
4968 1
4972 0
4973 0
4974 0
4976 0
4977 0
4982 1
4983 1
4984 1
4985 0
4986 0
4987 0
4990 0
4991 1
4992 1
4994 0
4995 0
4997 0
4998 1
4999 0
5001 0
5003 0
5004 0
5006 0
5007 0
5014 1
5016 0
5018 1
5020 0
5023 1
5024 1
5026 1
5027 0
5028 1
5029 0
5032 0
5033 1
5036 0
5037 1
5039 0
5042 0
5045 1
5047 0
5052 1
5054 0
5055 1
5056 0
5057 0
5058 1
5061 0
5062 1
5063 0
5064 1
5065 0
5067 1
5068 0
5071 1
5072 1
5073 0
5077 1
5078 0
5079 1
5081 0
5084 0
5085 0
5086 0
5090 1
5093 1
5094 0
5097 1
5101 0
5102 0
5104 1
5107 1
5108 0
5110 1
5111 0
5114 0
5116 0
5121 1
5122 1
5124 0
5128 1
5129 1
5130 0
5131 0
5134 0
5135 1
5136 0
5138 0
5143 1
5144 0
5145 0
5146 0
5150 1
5153 0
5156 1
5159 0
5160 1
5161 0
5168 0
5169 0
5171 1
5173 1
5175 1
5176 0
5177 0
5179 0
5181 0
5183 1
5185 1
5186 0
5189 0
5190 0
5191 0
5195 1
5199 0
5202 0
5203 1
5208 1
5209 0
5210 1
5212 0
5214 0
5215 1
5217 0
5219 0
5220 0
5222 0
5223 0
5224 1
5229 1
5230 0
5231 0
5236 0
5239 0
5242 1
5244 1
5245 0
5246 0
5248 0
5253 0
5254 0
5257 0
5258 0
5259 0
5260 0
5262 1
5263 1
5264 0
5267 0
5268 0
5269 0
5270 0
5273 0
5274 1
5278 0
5281 0
5283 0
5285 1
5288 0
5290 1
5292 0
5293 0
5297 0
5298 0
5303 0
5304 0
5305 1
5306 0
5307 0
5310 1
5311 0
5312 0
5314 0
5315 0
5318 0
5319 1
5320 0
5325 0
5326 1
5327 0
5328 1
5331 1
5336 0
5337 0
5338 0
5340 0
5343 0
5344 1
5345 0
5346 0
5348 0
5349 0
5350 1
5351 0
5352 0
5355 0
5358 0
5360 0
5363 0
5365 0
5367 1
5368 0
5369 0
5370 0
5371 0
5373 0
5374 0
5378 1
5379 1
5380 1
5383 1
5384 1
5385 0
5387 0
5388 0
5389 1
5391 0
5393 0
5395 0
5396 0
5397 0
5398 0
5404 0
5405 1
5406 0
5407 0
5408 0
5410 0
5413 0
5414 1
5416 1
5417 0
5418 0
5419 0
5420 0
5421 0
5423 1
5424 0
5429 1
5430 1
5431 1
5433 0
5434 1
5436 1
5438 1
5439 0
5440 0
5441 0
5445 1
5448 1
5450 1
5451 0
5453 0
5454 0
5455 0
5457 0
5461 0
5465 0
5467 1
5469 1
5470 1
5471 0
5475 0
5478 0
5481 1
5483 0
5485 0
5486 1
5487 0
5489 1
5496 0
5497 0
5499 0
5507 0
5508 1
5509 1
5510 1
5511 1
5514 0
5515 0
5517 1
5518 0
5519 0
5521 1
5522 1
5524 1
5526 1
5527 0
5530 1
5531 0
5535 0
5536 0
5539 1
5541 1
5542 1
5544 0
5547 0
5549 1
5550 1
5552 0
5554 0
5559 0
5563 0
5566 0
5568 1
5573 0
5574 0
5576 0
5577 0
5579 0
5582 1
5583 0
5584 1
5585 0
5586 1
5588 1
5590 0
5591 1
5592 0
5593 0
5599 0
5600 0
5601 0
5603 0
5605 0
5606 1
5608 0
5609 0
5611 1
5613 1
5614 1
5615 0
5618 1
5620 1
5624 1
5625 1
5629 0
5630 0
5631 1
5636 0
5637 1
5639 1
5640 0
5641 1
5644 0
5645 1
5647 0
5648 0
5652 0
5653 0
5654 0
5655 0
5657 1
5658 0
5660 0
5662 1
5664 0
5668 0
5669 0
5672 0
5674 1
5676 0
5679 1
5680 1
5682 0
5685 1
5686 1
5687 1
5693 1
5695 0
5696 0
5697 0
5699 1
5700 0
5701 1
5702 0
5704 0
5705 0
5710 0
5713 0
5714 1
5715 0
5716 1
5718 0
5719 1
5723 0
5728 1
5729 0
5730 0
5731 0
5732 1
5735 0
5736 1
5738 1
5740 1
5741 0
5742 0
5743 1
5747 0
5749 0
5752 0
5755 0
5756 1
5757 0
5760 0
5761 0
5762 0
5764 1
5765 1
5768 0
5769 0
5773 0
5779 1
5780 0
5781 0
5782 0
5783 0
5784 0
5786 0
5788 0
5789 0
5790 1
5791 0
5794 0
5796 0
5799 0
5803 0
5805 1
5806 0
5811 0
5812 1
5813 0
5814 1
5815 0
5817 0
5818 0
5819 1
5821 1
5824 1
5825 1
5826 1
5828 1
5829 0
5830 0
5831 0
5836 0
5838 0
5839 1
5840 0
5841 0
5843 1
5845 0
5850 0
5851 1
5852 1
5853 0
5854 0
5856 0
5859 0
5860 0
5861 0
5863 1
5864 0
5867 0
5868 1
5873 0
5874 0
5875 0
5877 0
5878 0
5879 1
5881 1
5884 1
5885 0
5888 0
5889 1
5893 1
5894 1
5895 0
5897 0
5899 1
5901 0
5903 1
5905 1
5906 1
5908 1
5909 1
5910 1
5911 0
5912 1
5914 1
5917 0
5918 0
5919 0
5920 0
5923 1
5928 0
5930 0
5938 0
5940 0
5947 1
5948 1
5951 0
5952 1
5954 0
5956 1
5960 1
5961 1
5963 0
5964 0
5968 1
5970 0
5971 0
5975 1
5979 1
5980 0
5981 0
5983 0
5984 0
5985 0
5988 0
5989 1
5990 1
5991 0
5992 0
5995 0
5996 0
5998 0
6000 0
6001 1
6004 1
6005 1
6009 1
6011 1
6012 0
6018 0
6020 1
6023 0
6025 0
6026 0
6027 1
6028 1
6029 1
6030 1
6033 0
6035 1
6038 0
6041 0
6042 0
6043 0
6045 0
6046 0
6055 1
6058 1
6061 1
6062 0
6065 0
6066 0
6067 0
6069 1
6070 0
6071 1
6073 1
6074 1
6078 0
6079 0
6084 0
6088 1
6089 0
6091 0
6095 1
6096 0
6097 0
6098 0
6100 0
6103 0
6104 1
6105 1
6107 0
6108 0
6111 0
6117 0
6120 0
6123 1
6124 0
6125 0
6128 0
6129 1
6130 1
6131 0
6133 1
6134 1
6135 1
6136 0
6139 1
6140 1
6141 0
6146 0
6148 1
6150 0
6151 0
6153 1
6156 1
6158 0
6159 0
6161 1
6162 0
6163 0
6166 0
6170 0
6171 0
6172 1
6174 0
6175 0
6176 1
6177 1
6179 0
6180 1
6181 0
6183 0
6184 1
6185 0
6187 0
6188 1
6189 0
6190 1
6196 0
6198 1
6201 1
6202 1
6203 0
6206 1
6208 0
6209 1
6210 1
6212 0
6214 0
6215 1
6216 0
6218 0
6219 1
6220 1
6221 0
6222 1
6223 0
6224 1
6225 1
6229 0
6230 1
6233 0
6234 0
6235 0
6236 0
6238 1
6240 1
6241 0
6243 0
6247 0
6249 1
6250 0
6251 1
6252 0
6254 0
6258 0
6259 0
6260 1
6261 1
6262 0
6264 0
6267 1
6269 0
6270 1
6272 0
6275 0
6276 0
6277 1
6279 1
6281 1
6282 0
6284 1
6285 0
6286 1
6289 0
6290 0
6291 1
6295 0
6296 1
6299 0
6300 0
6301 1
6304 1
6305 0
6306 0
6309 0
6314 1
6318 0
6319 0
6320 1
6321 0
6323 0
6325 0
6329 0
6330 1
6335 0
6337 0
6338 1
6339 0
6341 0
6344 1
6346 0
6348 0
6349 1
6350 1
6351 0
6352 0
6353 0
6355 0
6357 1
6362 0
6363 0
6366 0
6367 1
6369 0
6371 0
6374 0
6375 1
6377 0
6381 0
6382 0
6385 1
6387 0
6391 1
6392 1
6395 1
6396 0
6398 1
6400 0
6404 0
6409 1
6411 0
6417 0
6418 1
6419 1
6421 0
6424 1
6425 1
6427 0
6428 0
6429 1
6430 0
6433 0
6434 0
6436 1
6437 0
6438 1
6440 1
6442 0
6443 0
6444 0
6445 0
6447 1
6448 1
6449 1
6450 0
6455 1
6456 1
6458 0
6459 0
6462 0
6463 0
6465 0
6466 1
6468 1
6470 1
6472 1
6473 0
6474 1
6475 0
6476 1
6480 1
6482 0
6483 1
6484 0
6486 0
6488 1
6492 0
6495 0
6497 0
6499 0
6501 0
6503 0
6506 1
6507 0
6509 0
6512 1
6515 0
6519 1
6520 1
6523 0
6524 0
6529 1
6530 0
6532 0
6534 0
6536 0
6538 1
6542 0
6543 0
6547 0
6548 1
6549 0
6550 0
6551 1
6553 0
6556 0
6560 0
6562 1
6564 1
6565 1
6569 1
6570 0
6572 0
6575 0
6576 0
6578 1
6583 0
6584 1
6585 0
6587 1
6588 0
6593 0
6595 1
6597 0
6599 1
6602 1
6603 1
6605 0
6606 1
6609 1
6610 1
6611 0
6612 1
6617 0
6618 0
6619 0
6621 0
6622 1
6625 0
6626 0
6627 1
6628 1
6631 1
6632 0
6635 1
6636 1
6637 0
6638 0
6643 0
6645 0
6647 0
6648 0
6652 0
6654 0
6657 0
6658 1
6660 1
6661 1
6664 1
6666 1
6667 1
6668 0
6670 0
6671 1
6673 1
6674 0
6677 0
6678 0
6679 0
6681 0
6682 1
6684 0
6687 0
6689 0
6690 0
6694 0
6695 0
6696 1
6697 1
6698 0
6699 0
6702 0
6703 1
6704 1
6706 0
6707 0
6708 0
6709 0
6714 0
6718 1
6719 0
6722 1
6725 0
6726 0
6727 0
6730 1
6731 1
6734 0
6735 0
6736 0
6738 0
6739 0
6740 1
6747 1
6748 1
6751 1
6753 0
6755 1
6759 0
6760 1
6761 1
6762 1
6765 0
6766 1
6768 0
6769 0
6772 0
6773 0
6777 1
6781 1
6782 1
6783 0
6784 0
6786 0
6789 0
6794 0
6797 0
6799 0
6800 0
6802 1
6803 0
6805 0
6806 0
6808 1
6810 0
6813 1
6814 0
6819 1
6821 0
6822 1
6824 0
6825 0
6827 0
6828 0
6829 1
6833 0
6835 1
6836 1
6838 0
6839 0
6840 0
6841 0
6842 1
6844 1
6845 0
6847 1
6848 1
6849 0
6850 1
6852 0
6855 1
6858 0
6859 1
6860 0
6862 0
6864 1
6865 1
6866 0
6867 0
6868 1
6869 0
6874 0
6876 0
6878 0
6880 1
6883 0
6884 0
6886 0
6887 0
6892 0
6893 0
6896 1
6899 0
6900 1
6903 0
6908 1
6909 0
6910 0
6911 1
6912 0
6914 0
6916 0
6917 0
6918 0
6919 0
6922 0
6924 1
6930 1
6931 0
6932 1
6933 0
6934 1
6935 1
6939 0
6940 0
6943 1
6944 1
6945 1
6947 0
6948 0
6949 0
6950 0
6952 0
6953 0
6956 0
6958 1
6959 0
6962 1
6963 0
6965 0
6966 0
6968 0
6971 0
6972 0
6976 0
6981 1
6983 0
6987 1
6988 0
6989 1
6990 0
6994 0
6995 1
7002 0
7003 0
7004 1
7006 0
7007 0
7008 1
7009 1
7011 0
7016 0
7018 1
7020 0
7021 1
7022 1
7023 0
7025 1
7029 0
7031 1
7033 1
7035 0
7036 1
7038 1
7039 1
7040 0
7042 0
7045 1
7046 1
7048 1
7049 1
7050 1
7052 1
7054 0
7056 0
7058 1
7059 0
7062 1
7064 0
7065 1
7068 0
7070 1
7071 0
7072 1
7073 0
7074 1
7075 0
7077 1
7078 1
7079 0
7080 0
7084 0
7086 0
7088 1
7089 0
7090 0
7092 1
7093 1
7095 0
7097 1
7100 1
7101 0
7104 0
7105 1
7108 0
7109 0
7113 1
7114 1
7117 0
7121 1
7122 0
7123 1
7125 0
7128 1
7129 0
7130 1
7132 0
7133 0
7138 1
7139 1
7140 0
7141 1
7144 0
7146 1
7147 1
7148 0
7149 0
7150 1
7152 1
7153 1
7154 0
7159 0
7162 0
7163 0
7165 0
7166 0
7167 0
7168 1
7172 0
7174 0
7177 0
7180 0
7182 1
7184 0
7185 0
7187 0
7189 1
7191 0
7193 0
7194 1
7197 0
7200 0
7204 1
7205 1
7208 1
7210 0
7211 0
7212 1
7213 0
7214 1
7215 0
7216 1
7217 0
7219 0
7222 1
7223 1
7224 1
7227 1
7230 0
7234 0
7236 1
7241 0
7243 0
7244 1
7245 0
7247 1
7249 1
7250 0
7256 1
7258 0
7259 0
7260 1
7261 0
7263 0
7266 0
7270 0
7271 0
7274 1
7275 0
7276 0
7279 0
7280 0
7283 0
7284 1
7285 1
7289 0
7292 1
7294 1
7295 0
7296 1
7297 0
7298 0
7299 0
7300 1
7302 0
7305 0
7308 0
7311 0
7314 0
7318 0
7322 1
7323 0
7325 0
7327 1
7329 1
7330 0
7334 1
7336 0
7343 1
7344 0
7346 0
7350 1
7351 1
7356 0
7359 0
7361 1
7363 1
7365 0
7369 1
7370 0
7372 0
7373 1
7374 1
7375 0
7376 0
7381 1
7383 1
7385 1
7388 0
7389 0
7390 0
7394 0
7396 1
7398 1
7408 0
7410 0
7411 1
7413 1
7414 1
7416 0
7417 0
7419 1
7421 0
7422 0
7424 1
7425 0
7427 0
7431 0
7432 0
7433 0
7435 1
7436 1
7437 0
7438 0
7439 1
7443 1
7445 1
7446 0
7448 0
7449 0
7451 0
7454 0
7457 0
7458 1
7460 1
7461 0
7465 0
7466 1
7467 1
7468 0
7470 1
7474 1
7475 1
7477 1
7479 1
7480 1
7481 1
7482 0
7483 1
7484 0
7486 0
7489 1
7490 1
7491 0
7493 1
7497 1
7498 0
7503 1
7506 0
7511 0
7513 1
7517 1
7519 0
7521 0
7523 0
7524 0
7525 0
7526 0
7527 1
7528 1
7530 0
7533 1
7535 0
7536 0
7537 0
7538 0
7540 1
7543 1
7544 0
7546 0
7547 0
7551 1
7555 0
7558 1
7559 1
7563 1
7565 1
7566 1
7568 0
7570 0
7571 0
7572 0
7575 0
7576 0
7578 0
7579 0
7585 0
7586 0
7590 1
7592 0
7594 0
7600 0
7601 0
7603 1
7605 1
7606 0
7611 1
7612 1
7614 1
7615 1
7618 1
7619 0
7621 1
7622 0
7624 0
7626 0
7629 0
7631 1
7633 1
7637 0
7639 0
7640 1
7642 1
7647 1
7649 0
7650 1
7653 1
7654 1
7655 1
7656 0
7657 1
7662 0
7663 1
7664 0
7666 0
7667 0
7668 0
7670 1
7671 1
7672 1
7673 0
7675 0
7677 0
7678 0
7679 1
7680 1
7682 1
7683 1
7685 0
7687 0
7688 0
7691 0
7692 0
7694 0
7696 1
7697 0
7699 0
7702 1
7704 0
7705 1
7709 0
7712 1
7713 0
7715 0
7718 0
7720 0
7721 0
7723 0
7724 1
7727 0
7729 1
7731 0
7732 1
7735 1
7736 1
7740 1
7742 1
7743 0
7745 0
7746 1
7748 0
7749 0
7751 0
7753 1
7754 0
7758 0
7760 0
7762 1
7763 0
7765 1
7767 1
7768 0
7772 0
7773 0
7775 0
7776 1
7777 1
7779 0
7781 0
7786 1
7790 1
7791 0
7793 0
7795 1
7798 0
7799 0
7803 0
7809 0
7810 0
7812 1
7813 1
7814 1
7815 1
7819 0
7820 0
7821 1
7824 0
7826 1
7831 1
7833 0
7834 0
7836 1
7838 1
7840 0
7841 0
7843 1
7845 0
7847 1
7853 0
7854 0
7855 0
7856 0
7857 1
7859 0
7863 0
7864 1
7865 1
7868 0
7869 0
7872 1
7873 1
7876 0
7877 0
7878 0
7883 1
7884 1
7885 1
7886 1
7889 1
7890 0
7897 0
7898 0
7899 0
7900 0
7901 0
7902 0
7905 0
7908 0
7909 0
7910 1
7911 1
7914 1
7915 1
7916 0
7919 0
7920 0
7921 0
7923 0
7924 0
7925 0
7926 0
7928 0
7931 0
7932 1
7933 0
7935 0
7939 1
7940 0
7943 0
7946 0
7947 0
7950 0
7953 1
7954 0
7956 0
7958 0
7959 0
7963 0
7964 0
7968 1
7970 1
7971 1
7974 1
7976 1
7979 0
7980 1
7984 0
7987 1
7991 0
7996 0
7997 0
7998 1
7999 1
8001 0
8002 0
8004 0
8005 0
8008 0
8009 1
8012 0
8017 1
8019 1
8023 1
8024 0
8026 0
8029 0
8031 0
8032 0
8033 0
8036 0
8037 0
8040 0
8042 1
8043 1
8044 0
8048 0
8049 1
8051 0
8053 0
8057 0
8060 0
8061 0
8062 1
8063 1
8064 1
8067 0
8068 1
8069 1
8072 0
8075 0
8076 1
8079 0
8082 0
8083 0
8084 0
8085 0
8086 0
8087 1
8091 0
8093 0
8095 1
8096 0
8098 0
8100 0
8101 0
8103 0
8105 1
8106 0
8107 1
8108 1
8112 0
8115 0
8116 1
8117 1
8121 0
8122 0
8125 0
8127 0
8130 1
8132 0
8137 0
8138 0
8139 0
8140 1
8141 0
8142 0
8144 0
8150 0
8151 0
8159 1
8160 0
8163 0
8164 0
8166 0
8168 0
8169 1
8171 0
8173 0
8174 0
8175 1
8177 1
8180 1
8186 0
8188 0
8189 0
8190 1
8191 0
8197 1
8199 0
8200 0
8202 0
8203 1
8204 1
8208 0
8209 1
8211 0
8213 1
8216 0
8218 1
8220 0
8222 0
8223 1
8224 1
8225 1
8226 1
8229 0
8232 0
8235 0
8236 1
8241 1
8244 0
8248 0
8250 1
8251 0
8252 0
8253 1
8254 0
8258 1
8260 1
8261 0
8262 1
8263 1
8268 0
8269 0
8272 0
8275 0
8279 1
8280 1
8281 1
8282 0
8284 1
8285 0
8292 0
8293 1
8294 1
8295 0
8296 1
8297 0
8299 0
8300 0
8301 0
8302 1
8306 1
8307 0
8310 1
8311 1
8312 0
8313 0
8315 0
8316 1
8317 1
8318 0
8319 0
8320 1
8322 1
8323 1
8326 0
8327 1
8329 1
8332 0
8335 0
8336 0
8338 1
8341 1
8342 1
8345 0
8346 1
8349 0
8351 0
8355 1
8359 1
8360 0
8364 0
8365 0
8368 1
8370 0
8372 0
8374 0
8376 0
8381 0
8384 1
8385 1
8386 0
8387 0
8388 0
8390 0
8391 0
8397 0
8398 1
8403 1
8409 1
8410 1
8413 0
8415 0
8416 1
8422 0
8423 0
8424 1
8425 0
8426 1
8427 0
8429 1
8430 1
8433 1
8434 1
8437 0
8438 1
8442 0
8443 0
8444 1
8445 0
8449 0
8450 1
8452 0
8453 1
8454 1
8456 1
8461 0
8462 0
8465 0
8466 0
8467 1
8468 0
8470 0
8472 0
8475 0
8477 1
8478 0
8482 1
8483 0
8484 0
8485 0
8492 1
8494 0
8495 1
8498 0
8499 0
8502 1
8503 0
8506 0
8509 0
8512 1
8513 1
8514 0
8517 1
8518 0
8519 0
8521 0
8522 1
8523 1
8524 0
8526 0
8529 1
8530 1
8533 1
8534 0
8535 1
8536 0
8541 0
8542 1
8549 0
8550 0
8553 0
8556 1
8557 0
8558 0
8559 1
8562 1
8564 0
8568 0
8572 0
8573 0
8576 0
8581 0
8582 0
8584 1
8585 1
8586 1
8587 0
8588 0
8592 1
8595 0
8596 0
8601 0
8602 1
8604 0
8606 0
8607 0
8608 0
8610 0
8612 1
8615 1
8617 0
8618 1
8620 0
8621 0
8624 0
8628 1
8633 1
8635 0
8636 0
8638 0
8639 1
8644 0
8645 0
8647 0
8653 0
8654 0
8655 1
8663 1
8665 0
8667 1
8670 1
8676 0
8680 1
8683 0
8687 1
8688 0
8690 0
8691 1
8692 0
8695 0
8698 1
8699 0
8701 0
8702 0
8706 0
8709 0
8710 1
8713 0
8716 0
8717 0
8718 0
8720 0
8722 0
8723 0
8725 1
8727 0
8728 0
8730 0
8731 1
8732 0
8733 0
8738 0
8739 0
8741 0
8742 0
8744 1
8747 0
8748 0
8749 1
8750 0
8752 1
8753 0
8755 0
8756 1
8757 0
8759 0
8760 0
8764 0
8766 1
8768 0
8769 1
8770 1
8771 1
8772 0
8773 1
8775 0
8776 1
8783 1
8784 0
8790 1
8793 0
8794 0
8796 0
8799 0
8801 0
8805 1
8806 0
8809 0
8810 0
8811 1
8813 1
8814 0
8815 1
8817 0
8819 0
8822 1
8823 1
8826 0
8831 0
8833 1
8835 0
8836 0
8837 0
8838 0
8840 1
8841 0
8843 1
8847 0
8848 1
8849 1
8854 0
8856 0
8858 0
8859 1
8862 0
8865 0
8867 0
8871 1
8872 0
8873 0
8874 0
8876 0
8878 0
8879 0
8880 1
8883 1
8884 0
8885 1
8886 0
8888 0
8890 1
8891 0
8892 1
8900 0
8905 0
8909 0
8911 0
8913 0
8914 0
8917 1
8919 1
8920 1
8921 1
8923 1
8926 0
8927 1
8929 1
8930 0
8931 1
8932 0
8933 0
8936 0
8939 1
8940 1
8942 0
8943 0
8944 0
8948 0
8951 0
8953 1
8955 0
8958 1
8960 1
8961 1
8962 0
8965 0
8966 0
8967 0
8968 0
8969 1
8970 1
8971 1
8973 1
8975 1
8976 0
8978 1
8979 1
8980 0
8982 1
8983 1
8985 1
8987 0
8988 1
8989 0
8995 1
8997 0
8999 1
9000 0
9002 0
9004 0
9005 0
9006 0
9007 0
9015 1
9016 0
9018 0
9019 1
9020 0
9022 0
9024 0
9027 1
9029 0
9032 0
9034 1
9035 0
9036 0
9037 0
9039 0
9042 0
9045 1
9048 0
9049 0
9051 0
9053 1
9058 0
9059 1
9060 0
9063 1
9064 0
9066 1
9068 0
9072 1
9073 0
9078 1
9079 0
9080 1
9085 0
9086 1
9087 0
9089 0
9091 1
9094 0
9098 1
9099 1
9100 0
9105 1
9106 0
9108 1
9112 0
9113 1
9114 0
9116 0
9117 1
9121 1
9123 1
9126 1
9128 0
9129 0
9131 0
9133 0
9136 1
9138 0
9141 0
9144 0
9147 0
9148 1
9150 0
9151 0
9153 1
9155 0
9157 0
9159 0
9160 0
9161 0
9162 0
9163 0
9166 0
9168 0
9173 1
9174 0
9175 1
9177 1
9178 0
9179 0
9180 1
9181 1
9184 0
9185 0
9186 1
9187 1
9189 0
9191 0
9192 1
9193 1
9194 1
9195 0
9196 0
9197 0
9200 0
9202 0
9205 0
9208 0
9209 0
9212 1
9213 0
9214 1
9215 1
9218 0
9221 0
9224 0
9227 1
9230 0
9236 0
9238 0
9239 0
9242 1
9244 0
9245 0
9246 0
9247 0
9249 0
9250 1
9251 1
9252 1
9254 1
9255 0
9259 0
9268 0
9269 0
9270 1
9271 0
9272 1
9273 0
9278 1
9279 1
9281 1
9282 1
9283 1
9285 0
9286 0
9287 0
9288 0
9289 0
9290 1
9291 0
9295 1
9296 0
9299 1
9303 1
9306 0
9307 1
9308 1
9309 0
9312 1
9315 0
9316 0
9318 0
9323 1
9324 0
9325 0
9326 1
9327 1
9330 1
9331 0
9333 0
9334 1
9336 1
9337 0
9339 0
9342 1
9343 1
9347 1
9348 1
9349 1
9350 1
9351 0
9354 1
9358 0
9359 1
9362 0
9365 0
9368 1
9371 1
9373 0
9374 0
9375 1
9377 0
9378 0
9382 1
9386 1
9388 1
9389 1
9392 0
9393 0
9394 0
9398 0
9401 1
9405 0
9406 0
9407 0
9408 1
9409 0
9410 0
9411 1
9412 0
9413 0
9414 1
9417 0
9418 0
9419 0
9420 0
9421 0
9422 1
9424 1
9429 0
9432 0
9433 0
9434 0
9437 1
9438 0
9439 1
9440 0
9443 1
9445 1
9446 1
9448 0
9454 1
9455 1
9456 0
9457 0
9458 0
9459 0
9460 0
9461 0
9463 0
9464 1
9465 1
9466 1
9468 0
9469 0
9470 0
9472 1
9476 1
9477 1
9479 0
9480 0
9481 0
9484 0
9488 0
9490 1
9491 0
9494 0
9496 0
9497 0
9499 0
9500 1
9502 1
9504 1
9507 1
9508 1
9512 1
9515 1
9516 0
9517 1
9518 0
9519 0
9520 1
9523 1
9524 0
9526 0
9527 0
9528 1
9531 1
9532 1
9533 0
9537 1
9540 0
9541 1
9542 1
9543 0
9545 0
9546 1
9549 1
9550 0
9551 0
9557 0
9558 1
9560 1
9562 0
9565 0
9566 0
9567 0
9568 0
9571 1
9573 1
9576 0
9577 1
9579 0
9580 1
9584 0
9585 1
9586 0
9587 0
9588 1
9591 0
9596 1
9597 0
9598 0
9600 0
9603 0
9605 0
9609 0
9611 1
9613 0
9614 0
9615 0
9617 1
9618 0
9619 1
9620 1
9621 1
9623 1
9627 0
9629 0
9634 0
9636 1
9637 0
9638 0
9641 0
9644 1
9647 1
9649 1
9650 1
9654 0
9655 0
9656 1
9658 1
9659 1
9664 0
9666 1
9667 0
9668 1
9670 0
9671 1
9676 0
9678 1
9679 1
9681 0
9684 1
9685 0
9686 1
9687 1
9691 1
9692 1
9693 0
9695 1
9698 1
9699 0
9700 0
9702 0
9703 0
9706 1
9707 1
9709 1
9710 0
9711 0
9712 0
9713 0
9717 0
9718 0
9719 0
9721 0
9724 0
9726 1
9729 0
9732 1
9733 0
9734 0
9735 1
9737 0
9738 0
9743 0
9745 1
9746 1
9747 1
9748 0
9749 0
9754 0
9755 0
9756 0
9758 0
9761 0
9762 0
9763 0
9764 1
9767 0
9772 0
9773 1
9774 0
9776 0
9778 1
9780 0
9781 0
9785 0
9789 1
9790 0
9792 0
9794 1
9796 1
9797 0
9800 0
9801 0
9805 0
9807 0
9808 0
9809 1
9810 0
9813 1
9816 0
9819 0
9822 1
9823 1
9825 1
9828 1
9830 0
9831 1
9832 0
9833 0
9834 0
9836 0
9839 0
9841 1
9842 0
9845 0
9848 1
9851 1
9852 1
9855 0
9858 0
9859 0
9860 0
9862 1
9863 1
9865 1
9867 0
9868 0
9869 1
9870 1
9872 0
9874 1
9877 1
9878 0
9879 0
9880 0
9881 1
9882 1
9884 0
9886 0
9887 0
9894 1
9896 1
9897 0
9898 0
9900 0
9902 0
9904 1
9905 1
9908 0
9911 0
9913 1
9917 0
9918 1
9920 1
9923 1
9926 0
9932 1
9935 1
9938 1
9939 1
9940 0
9942 0
9944 0
9945 0
9946 0
9947 0
9949 0
9950 0
9954 0
9955 0
9958 0
9959 0
9961 0
