5 0
7 0
9 0
12 0
16 0
17 0
19 0
20 0
21 0
23 0
24 0
26 1
30 0
32 0
33 0
34 0
35 0
36 0
39 0
41 1
42 0
44 0
46 0
47 0
48 0
50 0
51 1
52 1
60 0
61 0
63 0
64 1
65 1
66 0
72 0
73 1
77 0
78 0
81 1
83 0
89 1
91 1
93 0
95 0
99 0
101 1
102 0
104 1
107 0
109 0
110 1
112 0
113 1
117 1
118 0
120 1
121 1
122 0
123 0
125 1
129 1
130 1
131 0
132 1
133 0
134 0
138 1
140 1
141 0
142 0
143 0
146 0
147 1
150 1
153 0
154 1
156 0
158 0
159 0
161 1
162 1
163 0
164 1
165 0
169 1
170 1
171 1
173 0
174 0
177 0
180 1
184 0
187 1
189 1
190 1
192 0
193 0
194 1
198 0
200 1
203 0
207 0
208 1
209 0
210 1
211 1
214 1
215 0
218 1
219 0
220 0
221 0
222 0
224 0
225 1
228 1
229 0
232 0
233 0
235 0
236 0
241 0
242 1
244 0
245 0
246 0
249 0
250 0
251 0
256 0
257 1
259 0
262 1
263 0
266 1
268 0
269 0
270 0
275 1
276 0
278 1
282 1
285 1
288 1
289 1
294 0
296 1
298 0
302 0
303 0
304 0
305 1
306 0
307 0
308 1
311 0
312 1
317 0
318 0
320 0
321 0
322 1
323 1
325 1
328 0
329 0
331 0
332 1
334 1
336 1
337 1
338 1
340 1
343 0
344 0
347 0
349 0
352 1
354 0
355 0
359 1
363 1
367 0
370 0
372 0
373 1
374 0
379 0
380 1
381 1
382 0
387 0
391 0
394 1
395 0
396 0
400 0
403 1
404 0
406 0
407 1
408 0
411 1
416 1
417 0
419 1
420 1
424 1
427 0
428 1
430 0
431 1
433 0
435 1
438 1
439 1
443 1
446 0
448 1
450 0
454 0
459 0
460 0
461 0
462 1
463 1
464 0
468 0
469 1
470 0
474 0
476 0
477 0
480 0
482 1
483 0
484 0
486 1
489 0
491 1
492 0
494 1
496 1
498 0
499 1
500 0
501 0
503 0
508 0
509 0
513 0
514 1
515 0
516 1
518 0
519 1
520 0
522 1
523 0
524 0
525 0
526 1
528 0
530 0
531 0
535 1
537 0
540 0
541 0
543 0
544 0
545 0
549 1
550 0
552 0
554 1
555 1
559 0
563 1
564 0
565 0
577 1
579 1
581 0
582 1
583 0
588 1
589 0
590 1
591 0
592 1
597 1
598 1
599 1
601 0
605 1
608 0
609 0
610 0
612 1
613 1
619 0
620 0
622 0
625 0
626 0
628 0
632 0
633 0
635 1
637 0
645 0
647 1
648 0
653 1
654 1
656 1
657 0
660 0
661 1
663 1
667 0
671 1
672 1
675 0
676 1
677 0
680 1
682 0
684 0
685 1
686 0
688 1
689 0
690 1
694 0
695 0
699 1
700 1
702 0
705 1
707 1
709 0
710 1
711 1
712 1
713 1
714 1
717 0
720 0
726 0
728 0
729 0
730 0
731 0
733 0
738 0
739 0
740 0
742 0
746 1
748 0
750 1
752 0
753 0
754 1
755 0
756 1
760 1
761 0
763 0
764 0
767 1
768 1
770 0
771 0
772 0
774 0
776 1
777 0
780 0
782 1
786 1
787 0
791 1
793 0
794 0
796 0
797 1
799 1
800 0
802 1
804 1
805 0
806 1
808 0
810 0
812 1
814 1
815 1
816 1
818 0
820 1
822 0
823 0
826 0
827 1
828 0
829 0
830 0
831 0
832 1
834 0
842 0
843 1
845 1
847 1
848 0
849 1
850 0
851 1
854 1
855 0
857 0
859 0
860 1
862 1
863 1
865 0
867 1
868 1
871 0
872 0
874 1
876 0
878 0
879 0
880 1
882 0
885 1
887 1
888 1
889 0
892 0
895 0
896 0
898 1
899 1
900 0
902 0
903 0
904 0
906 1
908 1
911 0
912 1
915 0
917 0
918 0
919 0
920 0
921 0
923 0
926 0
929 0
931 1
934 0
935 0
936 0
937 0
943 0
946 0
947 0
948 0
949 0
950 1
951 0
954 0
958 1
962 0
964 0
965 0
966 0
967 0
971 1
972 0
973 1
977 0
980 0
982 0
987 0
989 1
991 1
993 1
996 0
997 0
999 1
1001 1
1002 0
1004 0
1008 0
1009 0
1010 0
1011 1
1012 1
1014 0
1015 0
1017 0
1018 0
1024 1
1027 1
1028 0
1036 0
1041 1
1042 1
1043 1
1045 1
1050 1
1052 0
1053 1
1056 0
1057 0
1060 0
1061 1
1062 1
1064 1
1066 0
1068 1
1069 0
1071 0
1072 0
1073 1
1074 1
1077 1
1078 0
1079 1
1082 1
1083 0
1084 0
1091 0
1092 1
1093 0
1097 0
1101 0
1102 0
1104 1
1106 0
1107 0
1109 0
1110 0
1112 1
1113 0
1119 0
1121 1
1124 0
1125 0
1127 0
1129 1
1130 0
1136 1
1137 1
1140 1
1142 0
1143 0
1144 0
1145 0
1147 1
1148 0
1149 0
1151 1
1152 0
1154 0
1156 0
1158 0
1160 1
1161 0
1164 1
1166 0
1168 0
1170 1
1171 0
1172 0
1174 1
1175 1
1176 1
1182 0
1184 0
1185 0
1186 0
1187 0
1191 0
1192 0
1194 0
1199 0
1200 1
1201 0
1203 0
1204 0
1205 1
1206 1
1207 0
1209 1
1211 0
1212 0
1214 0
1215 1
1221 1
1224 0
1225 1
1226 1
1229 0
1230 0
1231 1
1233 0
1234 1
1236 0
1237 1
1239 0
1240 0
1241 1
1247 0
1248 1
1250 0
1254 1
1258 1
1259 1
1260 0
1263 0
1265 0
1266 0
1268 0
1269 1
1270 1
1272 0
1273 1
1274 0
1277 0
1279 0
1281 0
1284 1
1286 0
1287 0
1288 1
1289 1
1290 0
1292 0
1293 0
1294 1
1298 1
1299 1
1304 1
1309 0
1310 1
1311 0
1312 0
1314 0
1315 0
1316 1
1323 0
1324 1
1325 1
1326 1
1327 0
1330 1
1332 0
1333 1
1334 1
1337 1
1341 0
1343 0
1345 0
1346 0
1348 1
1350 0
1352 0
1360 1
1361 1
1362 0
1364 1
1365 0
1371 1
1375 0
1378 0
1383 0
1384 0
1385 0
1386 1
1387 0
1388 0
1390 0
1393 0
1395 1
1397 1
1400 0
1402 0
1404 1
1405 0
1406 0
1408 0
1409 1
1413 0
1414 0
1418 0
1420 1
1421 0
1426 0
1427 1
1430 1
1432 1
1434 1
1436 0
1439 1
1441 0
1442 0
1443 0
1444 1
1445 1
1450 0
1451 0
1453 0
1455 0
1457 0
1460 1
1463 0
1464 0
1465 0
1466 0
1467 1
1468 0
1470 0
1472 1
1475 0
1479 0
1480 0
1481 1
1483 0
1484 0
1485 0
1486 0
1488 0
1490 1
1492 1
1493 1
1494 0
1497 0
1498 0
1499 0
1501 1
1504 0
1509 0
1510 0
1512 1
1514 1
1515 0
1517 1
1521 0
1522 0
1523 0
1524 0
1526 1
1528 0
1529 0
1531 1
1532 1
1536 0
1537 1
1539 0
1541 1
1543 1
1544 0
1545 1
1548 1
1553 1
1554 0
1555 0
1556 1
1557 0
1559 1
1561 0
1563 1
1565 0
1571 1
1576 0
1577 1
1579 0
1580 0
1582 1
1586 0
1588 1
1590 1
1593 0
1594 0
1595 0
1597 1
1598 0
1603 0
1604 1
1607 0
1608 0
1610 1
1611 1
1612 0
1614 1
1617 0
1618 1
1622 0
1627 1
1628 0
1630 0
1632 1
1633 1
1636 0
1638 1
1640 1
1642 0
1643 0
1647 1
1649 0
1650 0
1651 1
1653 0
1654 0
1661 1
1662 0
1669 0
1673 0
1675 0
1676 1
1677 0
1678 0
1680 0
1682 0
1683 1
1684 1
1685 1
1686 1
1688 1
1689 0
1690 1
1691 0
1693 0
1699 0
1707 0
1708 0
1711 0
1713 1
1714 0
1717 1
1718 0
1721 0
1723 1
1724 1
1725 0
1726 0
1727 0
1729 0
1730 0
1732 0
1733 0
1734 0
1738 1
1739 0
1741 1
1746 0
1747 0
1749 0
1750 0
1752 0
1754 0
1755 1
1756 0
1758 1
1759 0
1761 0
1765 0
1766 1
1768 0
1771 0
1772 0
1775 1
1777 0
1778 0
1780 0
1782 1
1784 0
1785 0
1787 0
1789 1
1793 1
1795 0
1797 0
1799 1
1800 0
1801 1
1806 0
1807 1
1809 0
1810 0
1816 1
1818 1
1821 0
1825 0
1827 0
1828 0
1830 0
1832 0
1833 1
1834 0
1836 0
1837 1
1840 0
1841 0
1842 1
1843 1
1845 0
1847 0
1849 0
1853 0
1854 0
1855 0
1858 0
1860 1
1861 1
1862 1
1864 1
1870 0
1872 1
1875 0
1877 1
1878 0
1881 1
1882 0
1887 0
1888 0
1892 1
1894 1
1896 0
1898 1
1899 1
1901 0
1902 0
1903 1
1904 1
1906 1
1907 0
1911 1
1915 1
1918 0
1920 0
1922 0
1927 0
1928 0
1930 1
1931 0
1932 0
1933 0
1934 1
1936 0
1937 0
1938 0
1940 0
1941 0
1944 0
1945 0
1948 0
1950 1
1952 1
1954 0
1958 0
1960 0
1962 0
1963 0
1964 1
1970 1
1971 0
1972 0
1976 0
1977 0
1978 0
1980 0
1981 0
1982 0
1985 0
1989 0
1995 0
1999 0
2000 0
2001 0
2002 0
2004 1
2006 0
2011 0
2012 0
2015 0
2019 0
2020 1
2021 1
2022 1
2023 0
2024 0
2025 0
2027 1
2030 1
2034 0
2036 0
2037 0
2039 0
2042 1
2043 1
2045 1
2047 1
2049 0
2051 0
2054 0
2055 0
2056 1
2058 0
2061 1
2063 0
2064 0
2067 0
2068 0
2069 0
2070 1
2082 0
2083 0
2086 0
2088 0
2090 1
2091 0
2094 1
2095 1
2096 0
2098 0
2099 1
2101 1
2102 1
2104 0
2108 0
2109 0
2112 1
2114 0
2116 0
2117 0
2120 0
2124 1
2125 0
2126 0
2129 0
2132 1
2134 1
2135 0
2136 0
2139 0
2140 0
2142 0
2145 0
2146 1
2151 0
2152 0
2153 0
2155 0
2156 0
2158 1
2163 1
2165 0
2166 1
2169 0
2170 1
2171 1
2172 0
2174 1
2176 1
2178 1
2179 1
2180 0
2181 0
2182 1
2183 0
2184 0
2186 0
2187 1
2190 0
2191 0
2192 0
2193 1
2194 1
2196 0
2197 0
2199 1
2201 0
2202 1
2208 0
2209 1
2212 1
2213 1
2214 1
2215 1
2218 0
2219 0
2220 0
2221 1
2224 0
2226 1
2228 0
2233 1
2234 0
2237 0
2238 0
2241 0
2244 0
2247 0
2248 0
2249 0
2251 0
2253 1
2255 0
2256 0
2257 1
2259 1
2260 0
2261 0
2263 1
2265 0
2266 0
2267 0
2268 1
2270 1
2272 0
2273 0
2276 0
2277 1
2278 0
2279 1
2280 0
2281 0
2284 0
2285 0
2287 0
2288 1
2290 0
2291 0
2293 0
2300 1
2302 0
2305 1
2306 0
2307 1
2308 1
2310 1
2311 1
2315 1
2318 0
2320 1
2321 1
2323 0
2324 0
2328 0
2329 0
2330 0
2332 0
2333 1
2334 0
2335 0
2337 0
2340 1
2342 1
2343 0
2345 1
2347 1
2348 0
2350 0
2352 0
2354 0
2355 0
2359 0
2361 0
2362 0
2364 1
2366 1
2367 0
2368 1
2369 0
2371 0
2372 0
2373 0
2374 0
2375 0
2376 1
2377 0
2378 0
2382 0
2384 1
2385 0
2387 0
2391 1
2392 1
2393 0
2401 1
2403 0
2404 1
2405 0
2407 0
2410 0
2411 0
2413 1
2415 1
2417 0
2419 0
2420 1
2423 1
2425 0
2427 0
2433 1
2435 0
2436 1
2437 0
2439 1
2441 1
2442 1
2443 0
2444 0
2445 1
2448 1
2450 0
2452 1
2454 0
2456 1
2458 1
2459 0
2460 0
2461 1
2462 1
2465 0
2466 0
2468 0
2470 0
2471 1
2472 1
2476 0
2477 0
2478 1
2479 1
2480 0
2481 0
2483 0
2490 0
2491 1
2492 0
2493 1
2494 1
2496 0
2497 0
2500 1
2501 0
2502 0
2504 0
2505 0
2508 1
2512 0
2513 0
2514 0
2518 1
2519 1
2520 1
2523 1
2524 0
2525 0
2529 0
2533 1
2534 0
2537 0
2539 1
2540 0
2542 1
2544 0
2545 0
2546 0
2547 0
2549 1
2554 1
2555 1
2558 0
2559 1
2561 0
2563 0
2564 0
2565 1
2566 0
2567 0
2569 0
2571 0
2572 0
2578 0
2579 0
2584 1
2585 0
2586 0
2589 1
2590 0
2593 1
2594 0
2595 1
2598 0
2599 0
2600 1
2603 0
2605 1
2606 1
2609 0
2611 0
2613 1
2615 1
2618 1
2621 1
2625 0
2627 0
2632 0
2633 1
2634 1
2635 1
2636 1
2637 0
2641 1
2643 1
2645 0
2646 1
2647 0
2648 0
2649 0
2653 0
2657 0
2658 1
2659 0
2662 0
2664 1
2666 0
2667 1
2668 0
2669 0
2670 0
2675 1
2677 1
2678 1
2680 0
2682 0
2683 0
2684 0
2689 0
2690 0
2691 1
2693 1
2695 1
2696 0
2697 0
2699 1
2702 0
2704 0
2706 1
2709 1
2710 1
2713 1
2714 1
2715 0
2717 0
2718 0
2721 1
2722 0
2723 1
2727 0
2730 1
2732 1
2734 0
2735 0
2737 0
2738 0
2741 0
2744 1
2745 0
2747 0
2749 1
2751 0
2755 1
2757 0
2759 0
2760 0
2762 1
2763 1
2765 0
2766 0
2767 0
2772 1
2774 1
2775 1
2776 0
2778 1
2779 0
2782 0
2783 0
2784 0
2785 0
2786 0
2791 1
2794 1
2795 1
2796 0
2798 1
2800 0
2801 0
2803 0
2804 0
2807 0
2810 1
2812 0
2815 1
2816 1
2817 0
2820 0
2826 0
2827 0
2833 1
2834 1
2835 1
2836 0
2838 0
2841 0
2842 0
2844 0
2845 1
2847 0
2848 0
2854 1
2855 0
2858 1
2859 0
2864 0
2866 0
2867 0
2868 1
2869 0
2870 0
2873 0
2875 1
2879 0
2880 0
2881 1
2884 0
2886 0
2889 0
2891 1
2893 0
2896 0
2899 1
2901 0
2906 1
2910 0
2912 1
2913 0
2914 0
2915 0
2916 0
2917 0
2919 0
2924 1
2931 0
2932 0
2933 1
2934 0
2935 0
2937 0
2938 0
2939 0
2940 1
2941 0
2942 1
2943 1
2944 0
2946 0
2947 1
2952 1
2953 0
2954 0
2956 0
2957 0
2958 0
2960 1
2962 0
2963 1
2965 1
2966 0
2967 0
2969 1
2975 1
2976 1
2977 0
2978 0
2984 1
2986 0
2987 0
2988 1
2989 0
2990 1
2992 0
2994 1
2995 0
3000 1
3002 0
3003 1
3004 1
3005 1
3007 0
3008 0
3009 1
3011 1
3013 0
3015 1
3017 1
3021 1
3023 0
3024 1
3027 1
3028 1
3031 0
3032 0
3034 0
3038 1
3039 0
3042 0
3044 0
3045 0
3047 1
3051 0
3053 0
3054 0
3056 0
3057 0
3058 1
3061 1
3063 0
3064 1
3065 0
3066 1
3072 1
3074 0
3077 1
3078 1
3082 0
3083 1
3085 0
3086 0
3088 1
3089 0
3090 0
3092 1
3093 0
3094 0
3098 1
3100 1
3102 1
3103 0
3105 1
3106 1
3107 0
3108 0
3110 0
3112 0
3116 1
3117 0
3118 1
3120 1
3121 0
3122 1
3124 0
3126 1
3127 0
3129 1
3133 0
3134 1
3135 0
3137 0
3138 0
3140 1
3142 1
3145 0
3146 1
3147 0
3149 0
3150 0
3154 0
3155 0
3157 0
3159 0
3161 0
3162 0
3163 0
3164 0
3165 0
3169 1
3170 0
3175 0
3176 0
3177 0
3178 1
3181 0
3183 1
3184 1
3185 0
3186 0
3188 1
3189 0
3194 1
3195 1
3199 1
3200 0
3202 0
3204 0
3205 0
3207 0
3210 1
3211 0
3213 1
3214 0
3216 0
3218 0
3219 0
3223 0
3228 0
3229 1
3231 0
3233 0
3236 0
3239 0
3240 1
3242 0
3243 0
3244 0
3247 0
3250 0
3253 0
3254 0
3255 0
3256 0
3258 0
3259 0
3260 0
3261 1
3262 0
3269 1
3270 0
3271 0
3272 0
3273 0
3274 1
3279 0
3280 0
3282 0
3284 1
3285 0
3290 1
3292 0
3293 1
3294 1
3296 0
3299 0
3300 1
3301 1
3303 0
3307 0
3308 0
3311 0
3313 0
3316 0
3320 0
3325 0
3327 0
3330 0
3331 1
3335 0
3336 1
3337 0
3338 1
3339 1
3343 1
3344 0
3349 0
3350 0
3351 0
3354 1
3355 1
3356 1
3359 1
3360 0
3362 1
3363 0
3365 0
3367 0
3369 1
3370 0
3373 1
3374 1
3376 1
3377 0
3379 1
3380 0
3382 0
3386 1
3390 1
3391 0
3392 0
3395 1
3396 0
3397 1
3398 0
3401 1
3403 1
3404 0
3406 0
3407 1
3408 0
3410 0
3412 0
3413 1
3415 0
3416 1
3417 1
3419 0
3420 0
3421 0
3422 1
3424 1
3425 1
3429 1
3430 1
3433 1
3435 1
3436 1
3439 0
3441 0
3443 1
3444 1
3449 0
3450 1
3451 1
3452 0
3453 0
3455 0
3458 0
3461 1
3462 0
3464 0
3465 1
3466 1
3468 1
3469 1
3470 0
3477 1
3484 0
3487 0
3489 0
3491 1
3492 1
3493 0
3496 1
3497 1
3499 0
3500 1
3506 1
3508 0
3509 1
3510 0
3511 1
3516 0
3518 0
3519 0
3521 0
3522 0
3524 1
3525 0
3528 1
3529 1
3530 1
3536 1
3537 1
3539 1
3546 1
3548 0
3549 0
3550 0
3551 0
3554 0
3555 0
3556 0
3564 0
3565 0
3566 1
3567 0
3575 0
3576 0
3577 1
3580 1
3585 0
3586 0
3587 0
3588 0
3589 0
3593 0
3594 0
3596 0
3597 0
3599 0
3603 1
3604 1
3605 1
3606 1
3608 0
3609 1
3611 1
3614 1
3618 1
3620 0
3621 1
3622 1
3623 1
3625 0
3627 0
3628 1
3629 0
3632 0
3634 0
3635 1
3636 0
3638 1
3639 1
3640 0
3642 0
3644 0
3645 0
3646 1
3648 0
3651 0
3654 1
3655 0
3656 0
3657 1
3658 0
3660 1
3662 1
3663 0
3664 0
3667 0
3669 1
3671 1
3673 1
3674 0
3675 1
3678 0
3679 1
3681 0
3684 1
3685 0
3688 0
3690 0
3691 0
3694 1
3695 1
3696 0
3698 1
3699 0
3700 0
3703 1
3704 1
3705 1
3706 0
3708 0
3709 0
3711 1
3713 0
3714 0
3717 1
3721 0
3722 0
3727 0
3729 1
3732 0
3735 1
3740 1
3743 0
3748 1
3749 0
3750 0
3751 0
3752 0
3753 0
3754 0
3758 0
3759 1
3760 0
3763 1
3767 0
3772 0
3773 0
3774 1
3779 0
3780 1
3781 1
3783 1
3784 1
3786 1
3788 0
3790 0
3791 0
3792 0
3793 0
3796 1
3797 1
3798 1
3803 0
3806 0
3807 1
3808 0
3809 0
3811 1
3814 0
3817 1
3818 0
3820 1
3821 0
3824 1
3826 0
3827 1
3828 1
3830 0
3834 1
3835 1
3837 1
3838 1
3844 0
3845 1
3846 0
3847 0
3848 0
3849 0
3855 0
3856 1
3857 1
3859 0
3860 0
3861 1
3863 0
3865 0
3866 0
3868 1
3869 0
3871 0
3872 0
3874 0
3876 0
3877 0
3879 0
3885 1
3886 1
3887 0
3889 1
3890 0
3891 0
3895 0
3898 1
3899 0
3905 1
3907 0
3911 0
3912 1
3913 0
3915 1
3918 1
3919 1
3921 1
3923 0
3924 0
3926 0
3932 1
3935 0
3936 0
3937 1
3939 0
3941 0
3945 1
3946 0
3947 1
3948 0
3949 0
3953 1
3954 1
3956 1
3957 0
3960 1
3961 1
3963 0
3965 0
3966 1
3969 1
3970 1
3971 1
3973 0
3974 1
3979 0
3983 0
3984 0
3986 0
3987 1
3988 0
3990 0
3991 1
3992 1
3993 0
3994 1
3996 0
3997 1
3998 0
4003 1
4005 1
4008 1
4009 0
4010 1
4011 0
4012 1
4013 0
4014 1
4015 0
4016 1
4017 1
4019 0
4020 0
4023 1
4025 0
4028 1
4031 0
4033 0
4034 1
4035 0
4037 1
4039 1
4046 0
4047 0
4051 0
4052 1
4057 0
4058 0
4060 0
4066 1
4067 0
4069 0
4073 1
4075 1
4076 0
4077 0
4082 1
4085 0
4087 1
4089 1
4091 1
4092 0
4093 1
4095 0
4100 0
4102 0
4105 1
4106 1
4108 1
4110 1
4111 1
4113 0
4117 0
4120 1
4121 1
4122 1
4129 0
4131 0
4133 0
4135 0
4136 0
4137 1
4138 1
4140 0
4141 0
4142 0
4143 1
4145 0
4146 1
4148 1
4149 0
4150 0
4152 0
4158 0
4163 0
4164 0
4168 1
4169 1
4170 1
4171 1
4174 0
4178 0
4185 0
4186 1
4189 0
4190 0
4191 0
4192 1
4193 0
4194 1
4195 0
4196 1
4200 1
4201 0
4203 1
4204 0
4205 0
4209 0
4212 0
4215 1
4220 0
4221 1
4223 1
4224 0
4228 0
4229 0
4230 0
4231 0
4232 0
4237 0
4239 1
4241 0
4242 0
4244 1
4246 0
4247 0
4253 0
4255 1
4256 0
4257 1
4258 0
4259 0
4263 1
4264 1
4265 1
4269 0
4270 0
4271 1
4272 1
4273 0
4274 1
4275 1
4279 0
4280 0
4281 0
4283 1
4284 0
4286 0
4287 0
4291 0
4292 1
4293 1
4295 0
4296 0
4298 0
4300 0
4303 0
4304 1
4307 0
4310 1
4312 0
4315 1
4318 0
4321 1
4322 0
4323 1
4325 0
4326 0
4327 0
4329 0
4331 1
4333 1
4338 0
4339 0
4341 1
4345 1
4346 1
4347 0
4349 0
4351 0
4352 1
4354 1
4356 0
4359 0
4360 1
4361 0
4364 1
4365 0
4367 1
4368 1
4369 1
4370 0
4371 0
4372 0
4376 0
4379 0
4380 0
4384 0
4386 0
4387 0
4389 0
4390 1
4391 0
4392 0
4396 0
4397 1
4404 0
4405 1
4409 0
4411 1
4421 0
4423 0
4424 0
4429 0
4430 0
4432 1
4433 0
4434 1
4436 0
4437 0
4438 0
4439 1
4441 1
4446 0
4450 1
4452 1
4455 0
4457 0
4459 1
4463 1
4464 0
4466 1
4468 1
4470 1
4471 0
4474 0
4479 0
4481 1
4484 1
4487 0
4488 1
4490 0
4493 1
4494 0
4495 1
4496 1
4498 1
4499 1
4500 1
4502 0
4507 1
4508 1
4509 0
4510 0
4512 1
4514 0
4517 1
4518 0
4519 0
4520 0
4524 0
4526 0
4527 0
4528 0
4530 0
4532 0
4535 0
4537 1
4539 1
4540 1
4542 0
4544 1
4548 1
4549 0
4551 0
4552 0
4553 0
4555 0
4558 1
4562 0
4563 1
4565 0
4566 0
4570 0
4571 1
4574 1
4576 1
4579 1
4581 0
4584 0
4585 0
4587 0
4588 0
4591 1
4592 0
4595 0
4597 0
4600 1
4601 0
4604 0
4605 1
4606 1
4607 0
4609 1
4611 1
4612 1
4618 1
4622 0
4623 0
4625 0
4626 0
4627 1
4628 1
4630 0
4631 1
4632 1
4634 1
4636 1
4643 0
4644 0
4647 0
4648 0
4649 1
4651 1
4652 1
4653 0
4654 0
4655 0
4656 1
4660 0
4662 0
4671 0
4672 1
4673 1
4674 1
4675 0
4676 0
4679 0
4682 0
4683 1
4685 0
4686 0
4687 0
4689 0
4691 1
4692 0
4693 0
4694 0
4699 0
4701 0
4702 0
4705 0
4706 1
4707 0
4708 1
4710 0
4714 1
4715 0
4718 0
4719 0
4722 0
4723 1
4727 0
4732 0
4735 0
4737 0
4742 1
4743 1
4746 0
4747 0
4748 1
4750 0
4753 1
4754 0
4760 1
4761 1
4768 1
4770 0
4773 0
4776 0
4777 0
4779 0
4782 1
4783 0
4785 1
4786 0
4788 1
4789 0
4790 1
4792 0
4793 0
4794 1
4796 1
4797 0
4799 1
4801 0
4805 1
4808 1
4812 1
4814 0
4815 0
4816 1
4818 1
4823 0
4825 0
4826 1
4828 1
4830 0
4831 0
4832 0
4834 1
4836 1
4837 1
4839 0
4840 0
4841 0
4842 0
4846 0
4848 0
4849 0
4850 1
4852 1
4856 1
4857 0
4859 0
4863 0
4866 0
4867 1
4868 0
4869 0
4872 1
4873 0
4876 1
4878 0
4879 1
4882 1
4885 0
4886 0
4890 0
4895 1
4896 0
4897 0
4898 0
4902 1
4903 0
4905 1
4907 0
4910 0
4911 1
4912 0
4913 0
4916 0
4926 0
4928 0
4929 0
4931 0
4935 0
4936 0
4938 0
4939 0
4943 0
4946 1
4948 1
4950 1
4951 1
4953 0
4954 1
4955 0
4956 0
4958 1
4960 1
4961 0
4962 1
4963 0
4966 1
4967 0
4968 1
4972 0
4973 0
4974 0
4976 1
4977 0
4982 1
4983 0
4984 0
4985 1
4986 0
4987 0
4990 0
4991 0
4992 0
4994 1
4995 0
4997 0
4998 0
4999 1
5001 0
5003 0
5004 0
5006 1
5007 0
5014 0
5016 1
5018 0
5020 0
5023 0
5024 1
5026 0
5027 1
5028 0
5029 1
5032 0
5033 1
5036 0
5037 0
5039 0
5042 1
5045 0
5047 0
5052 0
5054 1
5055 0
5056 0
5057 0
5058 1
5061 1
5062 0
5063 0
5064 0
5065 1
5067 1
5068 1
5071 1
5072 0
5073 1
5077 1
5078 0
5079 1
5081 1
5084 0
5085 1
5086 1
5090 0
5093 0
5094 0
5097 0
5101 1
5102 0
5104 1
5107 0
5108 0
5110 1
5111 1
5114 0
5116 1
5121 0
5122 0
5124 0
5128 0
5129 0
5130 1
5131 0
5134 0
5135 0
5136 1
5138 0
5143 0
5144 0
5145 0
5146 0
5150 0
5153 0
5156 1
5159 0
5160 0
5161 1
5168 0
5169 0
5171 1
5173 0
5175 0
5176 0
5177 1
5179 1
5181 1
5183 1
5185 1
5186 0
5189 0
5190 1
5191 1
5195 0
5199 0
5202 0
5203 0
5208 0
5209 1
5210 0
5212 0
5214 1
5215 0
5217 0
5219 0
5220 0
5222 0
5223 0
5224 1
5229 1
5230 0
5231 0
5236 1
5239 1
5242 1
5244 0
5245 1
5246 1
5248 0
5253 0
5254 1
5257 0
5258 0
5259 1
5260 0
5262 0
5263 1
5264 0
5267 0
5268 0
5269 0
5270 0
5273 0
5274 1
5278 0
5281 1
5283 1
5285 0
5288 0
5290 1
5292 1
5293 1
5297 0
5298 1
5303 0
5304 1
5305 0
5306 0
5307 1
5310 0
5311 0
5312 0
5314 0
5315 1
5318 0
5319 0
5320 1
5325 1
5326 1
5327 1
5328 0
5331 0
5336 0
5337 0
5338 0
5340 0
5343 1
5344 0
5345 0
5346 0
5348 1
5349 0
5350 0
5351 1
5352 0
5355 0
5358 0
5360 0
5363 1
5365 0
5367 1
5368 1
5369 0
5370 0
5371 1
5373 0
5374 0
5378 1
5379 1
5380 1
5383 0
5384 1
5385 1
5387 1
5388 1
5389 1
5391 0
5393 1
5395 0
5396 1
5397 0
5398 1
5404 0
5405 0
5406 0
5407 0
5408 0
5410 0
5413 0
5414 1
5416 0
5417 0
5418 0
5419 1
5420 0
5421 0
5423 0
5424 0
5429 0
5430 1
5431 0
5433 1
5434 0
5436 0
5438 1
5439 0
5440 0
5441 0
5445 0
5448 0
5450 0
5451 0
5453 1
5454 1
5455 1
5457 1
5461 0
5465 0
5467 1
5469 0
5470 1
5471 1
5475 0
5478 0
5481 0
5483 1
5485 0
5486 0
5487 0
5489 1
5496 1
5497 0
5499 1
5507 0
5508 0
5509 0
5510 1
5511 0
5514 0
5515 0
5517 1
5518 0
5519 1
5521 0
5522 0
5524 0
5526 0
5527 0
5530 0
5531 0
5535 0
5536 1
5539 0
5541 0
5542 1
5544 0
5547 0
5549 0
5550 1
5552 1
5554 0
5559 1
5563 0
5566 0
5568 0
5573 1
5574 1
5576 0
5577 1
5579 1
5582 1
5583 0
5584 0
5585 0
5586 1
5588 1
5590 0
5591 1
5592 0
5593 0
5599 1
5600 0
5601 0
5603 1
5605 1
5606 0
5608 1
5609 0
5611 1
5613 1
5614 1
5615 1
5618 1
5620 1
5624 0
5625 0
5629 0
5630 0
5631 1
5636 0
5637 0
5639 0
5640 0
5641 0
5644 1
5645 0
5647 0
5648 0
5652 1
5653 0
5654 0
5655 0
5657 0
5658 1
5660 0
5662 0
5664 1
5668 1
5669 1
5672 1
5674 1
5676 0
5679 0
5680 1
5682 0
5685 0
5686 0
5687 1
5693 1
5695 1
5696 1
5697 0
5699 1
5700 0
5701 0
5702 0
5704 0
5705 0
5710 0
5713 0
5714 0
5715 0
5716 0
5718 1
5719 0
5723 0
5728 1
5729 0
5730 1
5731 1
5732 0
5735 0
5736 1
5738 0
5740 1
5741 0
5742 1
5743 0
5747 0
5749 0
5752 1
5755 0
5756 0
5757 0
5760 0
5761 1
5762 1
5764 0
5765 1
5768 0
5769 0
5773 0
5779 0
5780 0
5781 0
5782 0
5783 0
5784 0
5786 0
5788 0
5789 0
5790 1
5791 1
5794 0
5796 1
5799 0
5803 1
5805 0
5806 1
5811 1
5812 0
5813 0
5814 1
5815 0
5817 0
5818 0
5819 1
5821 1
5824 1
5825 1
5826 1
5828 1
5829 0
5830 1
5831 0
5836 0
5838 0
5839 1
5840 0
5841 0
5843 0
5845 0
5850 0
5851 0
5852 1
5853 0
5854 0
5856 0
5859 1
5860 0
5861 0
5863 0
5864 0
5867 0
5868 0
5873 0
5874 0
5875 0
5877 0
5878 0
5879 0
5881 0
5884 0
5885 0
5888 1
5889 1
5893 1
5894 1
5895 1
5897 1
5899 1
5901 0
5903 0
5905 0
5906 0
5908 0
5909 0
5910 1
5911 1
5912 0
5914 0
5917 0
5918 1
5919 0
5920 1
5923 0
5928 1
5930 0
5938 0
5940 0
5947 1
5948 1
5951 1
5952 1
5954 0
5956 1
5960 1
5961 1
5963 0
5964 0
5968 1
5970 0
5971 0
5975 0
5979 0
5980 1
5981 0
5983 0
5984 1
5985 0
5988 1
5989 0
5990 0
5991 1
5992 0
5995 1
5996 0
5998 1
6000 0
6001 0
6004 0
6005 0
6009 1
6011 0
6012 0
6018 1
6020 1
6023 1
6025 0
6026 1
6027 1
6028 1
6029 1
6030 0
6033 0
6035 1
6038 0
6041 0
6042 1
6043 1
6045 0
6046 1
6055 1
6058 1
6061 0
6062 0
6065 0
6066 1
6067 0
6069 0
6070 1
6071 0
6073 0
6074 0
6078 0
6079 1
6084 1
6088 0
6089 1
6091 1
6095 1
6096 0
6097 0
6098 1
6100 0
6103 1
6104 0
6105 1
6107 0
6108 0
6111 0
6117 0
6120 1
6123 0
6124 0
6125 0
6128 0
6129 0
6130 0
6131 0
6133 1
6134 0
6135 1
6136 1
6139 1
6140 0
6141 1
6146 1
6148 1
6150 0
6151 0
6153 1
6156 0
6158 1
6159 0
6161 0
6162 1
6163 1
6166 1
6170 0
6171 1
6172 0
6174 1
6175 0
6176 1
6177 0
6179 0
6180 1
6181 0
6183 1
6184 1
6185 0
6187 0
6188 0
6189 0
6190 0
6196 0
6198 0
6201 0
6202 1
6203 0
6206 1
6208 1
6209 0
6210 0
6212 0
6214 1
6215 1
6216 0
6218 0
6219 0
6220 0
6221 0
6222 0
6223 1
6224 0
6225 0
6229 1
6230 0
6233 0
6234 1
6235 0
6236 0
6238 0
6240 0
6241 1
6243 1
6247 1
6249 1
6250 1
6251 1
6252 1
6254 0
6258 0
6259 1
6260 1
6261 0
6262 1
6264 0
6267 1
6269 0
6270 1
6272 0
6275 1
6276 1
6277 0
6279 0
6281 1
6282 1
6284 0
6285 0
6286 0
6289 1
6290 1
6291 0
6295 1
6296 0
6299 1
6300 1
6301 1
6304 0
6305 1
6306 0
6309 1
6314 0
6318 0
6319 0
6320 0
6321 1
6323 0
6325 0
6329 1
6330 1
6335 1
6337 1
6338 1
6339 1
6341 1
6344 1
6346 0
6348 1
6349 1
6350 0
6351 0
6352 0
6353 0
6355 1
6357 0
6362 0
6363 0
6366 0
6367 1
6369 1
6371 0
6374 0
6375 0
6377 1
6381 1
6382 1
6385 1
6387 1
6391 1
6392 1
6395 0
6396 0
6398 1
6400 0
6404 0
6409 0
6411 0
6417 0
6418 0
6419 0
6421 1
6424 0
6425 0
6427 0
6428 0
6429 0
6430 0
6433 0
6434 0
6436 0
6437 1
6438 0
6440 0
6442 0
6443 1
6444 1
6445 1
6447 0
6448 1
6449 0
6450 0
6455 0
6456 0
6458 1
6459 1
6462 0
6463 0
6465 0
6466 0
6468 0
6470 0
6472 0
6473 1
6474 0
6475 0
6476 0
6480 0
6482 0
6483 1
6484 0
6486 0
6488 0
6492 0
6495 1
6497 0
6499 0
6501 1
6503 0
6506 1
6507 0
6509 0
6512 0
6515 1
6519 1
6520 0
6523 1
6524 1
6529 0
6530 0
6532 1
6534 0
6536 1
6538 1
6542 1
6543 1
6547 0
6548 0
6549 1
6550 0
6551 0
6553 0
6556 1
6560 0
6562 0
6564 1
6565 0
6569 1
6570 0
6572 0
6575 0
6576 0
6578 1
6583 0
6584 1
6585 1
6587 1
6588 1
6593 1
6595 1
6597 0
6599 1
6602 1
6603 1
6605 1
6606 1
6609 1
6610 1
6611 1
6612 1
6617 1
6618 1
6619 0
6621 1
6622 0
6625 0
6626 0
6627 1
6628 0
6631 1
6632 0
6635 1
6636 0
6637 1
6638 1
6643 1
6645 0
6647 0
6648 1
6652 0
6654 1
6657 1
6658 1
6660 1
6661 1
6664 1
6666 1
6667 1
6668 0
6670 1
6671 0
6673 1
6674 0
6677 0
6678 0
6679 0
6681 1
6682 1
6684 1
6687 0
6689 0
6690 1
6694 0
6695 0
6696 0
6697 1
6698 0
6699 1
6702 0
6703 1
6704 0
6706 1
6707 0
6708 0
6709 0
6714 0
6718 0
6719 1
6722 1
6725 1
6726 0
6727 0
6730 1
6731 1
6734 1
6735 1
6736 0
6738 0
6739 0
6740 0
6747 0
6748 0
6751 0
6753 1
6755 0
6759 1
6760 0
6761 1
6762 1
6765 1
6766 0
6768 1
6769 0
6772 1
6773 1
6777 0
6781 1
6782 0
6783 1
6784 0
6786 0
6789 0
6794 1
6797 0
6799 1
6800 0
6802 0
6803 1
6805 0
6806 0
6808 0
6810 0
6813 0
6814 1
6819 0
6821 0
6822 0
6824 0
6825 0
6827 0
6828 0
6829 1
6833 1
6835 1
6836 0
6838 1
6839 0
6840 0
6841 0
6842 1
6844 0
6845 1
6847 0
6848 0
6849 1
6850 0
6852 1
6855 0
6858 1
6859 1
6860 1
6862 0
6864 1
6865 0
6866 1
6867 1
6868 0
6869 0
6874 0
6876 0
6878 1
6880 0
6883 1
6884 1
6886 0
6887 0
6892 1
6893 1
6896 0
6899 1
6900 0
6903 0
6908 1
6909 0
6910 1
6911 0
6912 1
6914 1
6916 1
6917 1
6918 1
6919 0
6922 0
6924 1
6930 1
6931 0
6932 0
6933 0
6934 1
6935 1
6939 0
6940 1
6943 1
6944 0
6945 1
6947 0
6948 0
6949 0
6950 0
6952 1
6953 1
6956 1
6958 0
6959 1
6962 1
6963 1
6965 1
6966 1
6968 0
6971 0
6972 0
6976 0
6981 1
6983 1
6987 0
6988 1
6989 1
6990 0
6994 0
6995 1
7002 1
7003 0
7004 0
7006 1
7007 1
7008 0
7009 0
7011 1
7016 0
7018 1
7020 1
7021 0
7022 0
7023 0
7025 1
7029 1
7031 1
7033 0
7035 0
7036 1
7038 0
7039 1
7040 1
7042 0
7045 0
7046 0
7048 0
7049 1
7050 1
7052 0
7054 1
7056 0
7058 1
7059 0
7062 0
7064 0
7065 1
7068 0
7070 0
7071 1
7072 0
7073 0
7074 0
7075 0
7077 0
7078 0
7079 0
7080 0
7084 0
7086 0
7088 1
7089 0
7090 1
7092 1
7093 0
7095 0
7097 0
7100 1
7101 0
7104 0
7105 1
7108 1
7109 0
7113 0
7114 0
7117 0
7121 0
7122 0
7123 1
7125 0
7128 0
7129 0
7130 0
7132 0
7133 0
7138 0
7139 0
7140 1
7141 0
7144 1
7146 0
7147 1
7148 0
7149 1
7150 0
7152 0
7153 1
7154 0
7159 1
7162 1
7163 0
7165 0
7166 1
7167 1
7168 1
7172 1
7174 0
7177 1
7180 1
7182 0
7184 0
7185 0
7187 1
7189 1
7191 0
7193 0
7194 1
7197 1
7200 0
7204 0
7205 1
7208 0
7210 0
7211 1
7212 1
7213 0
7214 1
7215 1
7216 1
7217 0
7219 1
7222 0
7223 1
7224 0
7227 0
7230 1
7234 0
7236 0
7241 0
7243 0
7244 0
7245 1
7247 0
7249 1
7250 0
7256 0
7258 0
7259 0
7260 1
7261 1
7263 0
7266 0
7270 0
7271 1
7274 1
7275 1
7276 0
7279 0
7280 1
7283 0
7284 0
7285 1
7289 0
7292 0
7294 0
7295 0
7296 0
7297 0
7298 0
7299 1
7300 0
7302 0
7305 1
7308 0
7311 0
7314 0
7318 1
7322 0
7323 0
7325 0
7327 0
7329 0
7330 0
7334 0
7336 1
7343 1
7344 1
7346 0
7350 0
7351 1
7356 0
7359 0
7361 1
7363 0
7365 1
7369 0
7370 0
7372 1
7373 0
7374 1
7375 0
7376 0
7381 0
7383 1
7385 1
7388 0
7389 1
7390 0
7394 0
7396 0
7398 0
7408 0
7410 1
7411 1
7413 1
7414 0
7416 1
7417 0
7419 0
7421 1
7422 1
7424 0
7425 0
7427 0
7431 0
7432 1
7433 1
7435 0
7436 1
7437 0
7438 0
7439 1
7443 0
7445 0
7446 1
7448 1
7449 0
7451 0
7454 0
7457 0
7458 1
7460 1
7461 0
7465 0
7466 0
7467 0
7468 0
7470 1
7474 0
7475 1
7477 1
7479 0
7480 0
7481 0
7482 0
7483 1
7484 0
7486 0
7489 0
7490 0
7491 1
7493 0
7497 1
7498 0
7503 1
7506 1
7511 1
7513 0
7517 0
7519 0
7521 1
7523 0
7524 0
7525 0
7526 0
7527 1
7528 0
7530 1
7533 1
7535 0
7536 1
7537 0
7538 1
7540 1
7543 1
7544 1
7546 1
7547 1
7551 0
7555 0
7558 0
7559 0
7563 0
7565 0
7566 1
7568 0
7570 0
7571 0
7572 0
7575 0
7576 0
7578 0
7579 0
7585 0
7586 1
7590 0
7592 0
7594 0
7600 0
7601 0
7603 1
7605 0
7606 0
7611 1
7612 0
7614 1
7615 0
7618 0
7619 1
7621 0
7622 1
7624 1
7626 1
7629 0
7631 1
7633 0
7637 1
7639 0
7640 0
7642 1
7647 1
7649 0
7650 0
7653 1
7654 1
7655 0
7656 1
7657 0
7662 1
7663 0
7664 0
7666 0
7667 0
7668 0
7670 1
7671 0
7672 0
7673 1
7675 1
7677 1
7678 1
7679 0
7680 0
7682 1
7683 0
7685 1
7687 1
7688 1
7691 1
7692 1
7694 0
7696 1
7697 0
7699 0
7702 1
7704 0
7705 1
7709 0
7712 0
7713 0
7715 1
7718 0
7720 0
7721 0
7723 0
7724 0
7727 1
7729 0
7731 0
7732 0
7735 1
7736 1
7740 0
7742 1
7743 1
7745 1
7746 0
7748 1
7749 1
7751 0
7753 0
7754 0
7758 1
7760 0
7762 0
7763 1
7765 1
7767 1
7768 0
7772 1
7773 0
7775 0
7776 1
7777 0
7779 1
7781 0
7786 0
7790 0
7791 1
7793 0
7795 1
7798 0
7799 0
7803 0
7809 0
7810 0
7812 1
7813 0
7814 0
7815 0
7819 1
7820 0
7821 1
7824 1
7826 0
7831 0
7833 0
7834 0
7836 0
7838 0
7840 0
7841 0
7843 0
7845 0
7847 0
7853 0
7854 0
7855 0
7856 1
7857 1
7859 0
7863 1
7864 1
7865 0
7868 1
7869 1
7872 1
7873 1
7876 0
7877 1
7878 0
7883 0
7884 0
7885 0
7886 1
7889 0
7890 1
7897 1
7898 0
7899 0
7900 0
7901 0
7902 0
7905 1
7908 0
7909 0
7910 0
7911 1
7914 0
7915 1
7916 0
7919 0
7920 0
7921 1
7923 1
7924 0
7925 0
7926 0
7928 1
7931 1
7932 0
7933 0
7935 0
7939 0
7940 0
7943 0
7946 1
7947 0
7950 1
7953 1
7954 1
7956 0
7958 1
7959 0
7963 0
7964 0
7968 0
7970 1
7971 0
7974 0
7976 1
7979 0
7980 0
7984 1
7987 0
7991 0
7996 1
7997 1
7998 1
7999 0
8001 0
8002 0
8004 0
8005 1
8008 1
8009 1
8012 0
8017 0
8019 1
8023 0
8024 0
8026 0
8029 1
8031 0
8032 1
8033 0
8036 1
8037 1
8040 0
8042 0
8043 1
8044 1
8048 1
8049 1
8051 0
8053 0
8057 1
8060 1
8061 1
8062 1
8063 0
8064 1
8067 0
8068 0
8069 0
8072 0
8075 0
8076 1
8079 1
8082 0
8083 0
8084 1
8085 1
8086 0
8087 1
8091 0
8093 0
8095 0
8096 0
8098 0
8100 0
8101 0
8103 0
8105 1
8106 0
8107 0
8108 0
8112 0
8115 1
8116 1
8117 1
8121 0
8122 0
8125 1
8127 0
8130 0
8132 0
8137 0
8138 1
8139 0
8140 0
8141 0
8142 0
8144 0
8150 0
8151 1
8159 0
8160 1
8163 0
8164 0
8166 0
8168 0
8169 1
8171 0
8173 1
8174 1
8175 1
8177 0
8180 0
8186 0
8188 1
8189 0
8190 1
8191 0
8197 1
8199 0
8200 0
8202 1
8203 1
8204 1
8208 0
8209 1
8211 1
8213 0
8216 1
8218 0
8220 0
8222 1
8223 1
8224 1
8225 1
8226 0
8229 0
8232 0
8235 1
8236 0
8241 1
8244 0
8248 0
8250 1
8251 0
8252 0
8253 1
8254 1
8258 1
8260 0
8261 0
8262 1
8263 1
8268 0
8269 1
8272 1
8275 1
8279 0
8280 1
8281 0
8282 0
8284 0
8285 0
8292 1
8293 1
8294 0
8295 1
8296 1
8297 0
8299 0
8300 0
8301 0
8302 0
8306 0
8307 0
8310 0
8311 0
8312 0
8313 1
8315 0
8316 0
8317 0
8318 0
8319 0
8320 0
8322 1
8323 0
8326 0
8327 0
8329 1
8332 1
8335 1
8336 1
8338 1
8341 1
8342 0
8345 1
8346 0
8349 0
8351 0
8355 0
8359 0
8360 1
8364 0
8365 1
8368 1
8370 1
8372 0
8374 0
8376 0
8381 0
8384 0
8385 0
8386 0
8387 0
8388 0
8390 1
8391 0
8397 0
8398 0
8403 0
8409 0
8410 1
8413 0
8415 0
8416 1
8422 0
8423 0
8424 1
8425 0
8426 1
8427 0
8429 1
8430 0
8433 1
8434 0
8437 0
8438 0
8442 0
8443 0
8444 1
8445 1
8449 1
8450 1
8452 0
8453 0
8454 1
8456 0
8461 1
8462 1
8465 1
8466 0
8467 0
8468 0
8470 1
8472 0
8475 1
8477 1
8478 1
8482 1
8483 1
8484 0
8485 0
8492 0
8494 1
8495 1
8498 1
8499 1
8502 0
8503 0
8506 0
8509 1
8512 0
8513 0
8514 1
8517 0
8518 1
8519 1
8521 0
8522 0
8523 0
8524 0
8526 1
8529 0
8530 0
8533 0
8534 0
8535 0
8536 1
8541 1
8542 1
8549 0
8550 1
8553 0
8556 0
8557 0
8558 0
8559 0
8562 1
8564 0
8568 0
8572 1
8573 0
8576 0
8581 0
8582 0
8584 0
8585 1
8586 0
8587 0
8588 1
8592 0
8595 1
8596 0
8601 1
8602 0
8604 0
8606 1
8607 1
8608 0
8610 1
8612 0
8615 0
8617 0
8618 0
8620 0
8621 1
8624 0
8628 0
8633 0
8635 0
8636 1
8638 1
8639 1
8644 0
8645 0
8647 0
8653 1
8654 0
8655 1
8663 0
8665 1
8667 0
8670 1
8676 0
8680 0
8683 0
8687 0
8688 0
8690 0
8691 0
8692 0
8695 0
8698 1
8699 1
8701 1
8702 1
8706 1
8709 1
8710 0
8713 0
8716 0
8717 1
8718 0
8720 0
8722 1
8723 1
8725 0
8727 1
8728 0
8730 1
8731 1
8732 0
8733 0
8738 1
8739 1
8741 1
8742 0
8744 1
8747 0
8748 0
8749 0
8750 1
8752 1
8753 0
8755 0
8756 0
8757 0
8759 0
8760 0
8764 0
8766 0
8768 0
8769 0
8770 0
8771 0
8772 1
8773 0
8775 0
8776 0
8783 1
8784 0
8790 1
8793 0
8794 1
8796 0
8799 0
8801 1
8805 1
8806 1
8809 0
8810 0
8811 0
8813 0
8814 0
8815 0
8817 1
8819 0
8822 0
8823 0
8826 0
8831 1
8833 1
8835 1
8836 1
8837 0
8838 0
8840 1
8841 0
8843 0
8847 0
8848 0
8849 0
8854 1
8856 0
8858 0
8859 0
8862 0
8865 0
8867 1
8871 1
8872 0
8873 0
8874 1
8876 0
8878 1
8879 0
8880 1
8883 1
8884 1
8885 1
8886 1
8888 1
8890 0
8891 1
8892 0
8900 0
8905 1
8909 0
8911 1
8913 0
8914 0
8917 0
8919 0
8920 0
8921 0
8923 0
8926 0
8927 1
8929 0
8930 1
8931 0
8932 0
8933 0
8936 1
8939 0
8940 1
8942 0
8943 0
8944 0
8948 1
8951 1
8953 1
8955 0
8958 0
8960 0
8961 0
8962 1
8965 0
8966 0
8967 1
8968 1
8969 0
8970 0
8971 0
8973 0
8975 1
8976 1
8978 0
8979 1
8980 1
8982 0
8983 0
8985 0
8987 1
8988 1
8989 0
8995 0
8997 0
8999 0
9000 0
9002 1
9004 1
9005 1
9006 1
9007 0
9015 0
9016 1
9018 1
9019 0
9020 0
9022 0
9024 0
9027 0
9029 0
9032 0
9034 0
9035 0
9036 0
9037 0
9039 0
9042 1
9045 0
9048 1
9049 1
9051 0
9053 0
9058 0
9059 0
9060 1
9063 1
9064 1
9066 0
9068 1
9072 1
9073 0
9078 1
9079 1
9080 0
9085 1
9086 0
9087 1
9089 1
9091 0
9094 0
9098 0
9099 0
9100 1
9105 1
9106 1
9108 0
9112 0
9113 1
9114 1
9116 0
9117 1
9121 0
9123 0
9126 0
9128 0
9129 0
9131 1
9133 0
9136 0
9138 0
9141 1
9144 0
9147 0
9148 0
9150 0
9151 0
9153 1
9155 0
9157 0
9159 0
9160 0
9161 1
9162 0
9163 1
9166 0
9168 0
9173 1
9174 1
9175 0
9177 1
9178 1
9179 0
9180 0
9181 0
9184 0
9185 0
9186 1
9187 0
9189 1
9191 0
9192 0
9193 0
9194 0
9195 0
9196 1
9197 0
9200 0
9202 1
9205 0
9208 0
9209 0
9212 0
9213 0
9214 1
9215 0
9218 0
9221 1
9224 0
9227 1
9230 1
9236 1
9238 1
9239 0
9242 0
9244 0
9245 0
9246 1
9247 1
9249 0
9250 1
9251 1
9252 1
9254 0
9255 0
9259 0
9268 0
9269 0
9270 1
9271 0
9272 0
9273 1
9278 1
9279 1
9281 1
9282 0
9283 1
9285 0
9286 1
9287 0
9288 0
9289 0
9290 0
9291 0
9295 0
9296 1
9299 1
9303 0
9306 0
9307 0
9308 0
9309 1
9312 0
9315 0
9316 0
9318 1
9323 1
9324 0
9325 0
9326 1
9327 1
9330 0
9331 1
9333 0
9334 0
9336 0
9337 0
9339 0
9342 0
9343 0
9347 0
9348 1
9349 0
9350 0
9351 0
9354 0
9358 1
9359 1
9362 0
9365 1
9368 0
9371 0
9373 1
9374 0
9375 1
9377 0
9378 0
9382 1
9386 1
9388 0
9389 0
9392 1
9393 0
9394 0
9398 1
9401 1
9405 0
9406 0
9407 1
9408 1
9409 1
9410 0
9411 0
9412 0
9413 0
9414 0
9417 1
9418 1
9419 1
9420 1
9421 1
9422 0
9424 0
9429 0
9432 0
9433 1
9434 0
9437 1
9438 0
9439 1
9440 0
9443 0
9445 0
9446 0
9448 0
9454 0
9455 0
9456 0
9457 0
9458 1
9459 1
9460 0
9461 1
9463 0
9464 1
9465 0
9466 1
9468 0
9469 1
9470 0
9472 1
9476 1
9477 1
9479 0
9480 1
9481 1
9484 1
9488 0
9490 1
9491 1
9494 0
9496 0
9497 0
9499 1
9500 0
9502 1
9504 1
9507 1
9508 1
9512 1
9515 0
9516 0
9517 1
9518 1
9519 0
9520 0
9523 0
9524 0
9526 0
9527 1
9528 1
9531 0
9532 0
9533 0
9537 0
9540 0
9541 0
9542 0
9543 1
9545 0
9546 0
9549 0
9550 1
9551 0
9557 1
9558 0
9560 0
9562 0
9565 0
9566 1
9567 0
9568 0
9571 0
9573 0
9576 0
9577 1
9579 0
9580 1
9584 0
9585 1
9586 0
9587 0
9588 1
9591 0
9596 1
9597 1
9598 1
9600 0
9603 0
9605 1
9609 0
9611 0
9613 1
9614 0
9615 1
9617 0
9618 0
9619 0
9620 0
9621 1
9623 0
9627 0
9629 0
9634 0
9636 1
9637 1
9638 0
9641 0
9644 1
9647 0
9649 1
9650 0
9654 0
9655 0
9656 0
9658 1
9659 0
9664 0
9666 0
9667 0
9668 0
9670 0
9671 1
9676 1
9678 1
9679 0
9681 0
9684 0
9685 1
9686 0
9687 1
9691 0
9692 0
9693 0
9695 0
9698 0
9699 0
9700 0
9702 1
9703 1
9706 0
9707 0
9709 0
9710 0
9711 0
9712 0
9713 1
9717 1
9718 1
9719 0
9721 1
9724 0
9726 1
9729 1
9732 0
9733 1
9734 0
9735 0
9737 0
9738 1
9743 1
9745 0
9746 1
9747 0
9748 0
9749 1
9754 1
9755 0
9756 0
9758 1
9761 1
9762 1
9763 0
9764 0
9767 1
9772 1
9773 0
9774 1
9776 1
9778 1
9780 1
9781 1
9785 1
9789 0
9790 1
9792 0
9794 0
9796 0
9797 0
9800 1
9801 0
9805 0
9807 0
9808 0
9809 0
9810 1
9813 0
9816 1
9819 0
9822 1
9823 0
9825 0
9828 0
9830 0
9831 0
9832 1
9833 1
9834 1
9836 1
9839 1
9841 1
9842 0
9845 0
9848 1
9851 0
9852 0
9855 0
9858 0
9859 0
9860 1
9862 0
9863 0
9865 1
9867 0
9868 1
9869 0
9870 0
9872 1
9874 0
9877 0
9878 0
9879 1
9880 1
9881 1
9882 1
9884 0
9886 0
9887 0
9894 0
9896 1
9897 0
9898 0
9900 1
9902 1
9904 0
9905 1
9908 1
9911 1
9913 0
9917 0
9918 0
9920 1
9923 1
9926 0
9932 1
9935 1
9938 0
9939 0
9940 0
9942 1
9944 0
9945 0
9946 1
9947 1
9949 0
9950 1
9954 1
9955 1
9958 1
9959 1
9961 0
